0 0.052401 0.084610 0.013073 0.010838
0 0.020944 0.079749 0.015841 0.014491
0 0.120304 0.085592 0.010903 0.012309
0 0.045693 0.009244 0.017219 0.011392
0 0.089554 0.005215 0.013913 0.009403
1 0.500552 0.502928 0.777936 0.779617
0 0.081676 0.127774 0.012204 0.012297
0 0.152582 0.086178 0.012765 0.013626
0 0.177276 0.058616 0.016984 0.018172
0 0.233636 0.048738 0.014721 0.013376
0 0.255294 0.053887 0.015154 0.015453
0 0.180753 0.024262 0.012123 0.013109
0 0.244072 0.080226 0.013667 0.017780
0 0.197956 0.079761 0.011654 0.012325
0 0.281267 0.029451 0.012604 0.014046
0 0.300068 0.030509 0.012640 0.011808
0 0.292727 0.014719 0.014204 0.013937
0 0.321370 0.005900 0.014471 0.009569
0 0.391134 0.040078 0.017332 0.014402
0 0.370828 0.038106 0.014931 0.014265
0 0.278689 0.074261 0.012394 0.012066
0 0.277020 0.084331 0.014099 0.009698
0 0.200308 0.021682 0.010604 0.014770
0 0.211724 0.026252 0.011978 0.013307
0 0.017077 0.133524 0.013885 0.012693
0 0.034967 0.142863 0.013909 0.012046
0 0.058992 0.149876 0.013865 0.012002
0 0.076674 0.146848 0.014378 0.011893
0 0.056915 0.189589 0.014899 0.010656
0 0.014594 0.190468 0.015958 0.016778
0 0.100974 0.144871 0.012547 0.014374
0 0.124188 0.161646 0.011856 0.017194
0 0.052090 0.240611 0.019506 0.016120
0 0.056356 0.279606 0.012374 0.015077
0 0.072938 0.322990 0.014139 0.011327
0 0.080003 0.336857 0.013077 0.013990
0 0.018708 0.355787 0.015142 0.015053
0 0.068343 0.353429 0.012143 0.009472
0 0.094632 0.307548 0.016592 0.012228
0 0.027246 0.280336 0.013477 0.011622
0 0.028661 0.229340 0.018471 0.015804
0 0.414129 0.051571 0.009399 0.012123
0 0.374988 0.050207 0.009852 0.010058
0 0.430077 0.021211 0.013978 0.015154
0 0.212681 0.161466 0.012228 0.010005
0 0.171122 0.217074 0.012733 0.011937
0 0.233779 0.178321 0.011759 0.017239
0 0.155629 0.216278 0.008223 0.010983
0 0.146666 0.253675 0.018140 0.015255
0 0.195053 0.241566 0.010979 0.015574
0 0.218028 0.253140 0.016786 0.011541
0 0.238837 0.257656 0.012022 0.014649
0 0.207000 0.280707 0.018564 0.014604
0 0.163274 0.314674 0.014333 0.013267
0 0.167883 0.333273 0.015299 0.014103
0 0.203646 0.315543 0.016665 0.012547
0 0.213946 0.314096 0.009779 0.012927
0 0.206426 0.304592 0.013804 0.010058
0 0.243500 0.301234 0.011117 0.011820
0 0.257074 0.304885 0.009872 0.011856
0 0.256969 0.324754 0.013129 0.012503
0 0.236657 0.336111 0.013836 0.013396
0 0.247339 0.343416 0.009904 0.010482
0 0.256443 0.346578 0.011303 0.013170
0 0.243924 0.363784 0.012879 0.013598
0 0.179543 0.378206 0.012192 0.012079
0 0.141976 0.361853 0.013586 0.011432
0 0.135082 0.345965 0.012826 0.009585
0 0.149694 0.348893 0.014548 0.011133
0 0.125252 0.396741 0.013727 0.013303
0 0.251887 0.205098 0.013861 0.009274
0 0.234143 0.199910 0.011339 0.012305
0 0.229229 0.209626 0.012180 0.010062
0 0.258187 0.195879 0.010709 0.009480
0 0.280881 0.253037 0.013626 0.010882
0 0.315713 0.249473 0.012030 0.012176
0 0.331329 0.245872 0.011113 0.013404
0 0.341636 0.251036 0.010705 0.011367
0 0.356549 0.242045 0.013885 0.012483
0 0.384977 0.248525 0.009795 0.011258
0 0.400862 0.206383 0.013998 0.013743
0 0.392574 0.224645 0.013521 0.010559
0 0.330899 0.213807 0.016014 0.012782
0 0.292384 0.218371 0.010543 0.010167
0 0.309207 0.218644 0.010866 0.010955
0 0.371106 0.128002 0.015764 0.012875
0 0.329630 0.145122 0.013929 0.012151
0 0.292453 0.168249 0.014269 0.011973
0 0.308307 0.184544 0.014346 0.013836
0 0.300755 0.196212 0.016673 0.012434
0 0.365857 0.189450 0.017356 0.014855
0 0.369268 0.210917 0.017558 0.011367
0 0.370652 0.223220 0.015922 0.011864
0 0.359578 0.163911 0.011278 0.010684
0 0.369650 0.171625 0.013990 0.010507
0 0.326613 0.166202 0.012511 0.010450
0 0.342357 0.175656 0.014362 0.009468
0 0.333162 0.172530 0.014867 0.013424
0 0.386767 0.150115 0.017198 0.010022
0 0.141481 0.124020 0.015037 0.011044
0 0.157366 0.134304 0.016410 0.015861
0 0.153717 0.163009 0.013186 0.015865
0 0.020714 0.394253 0.014774 0.011400
0 0.063054 0.401456 0.016863 0.013772
0 0.084038 0.405261 0.014123 0.014220
0 0.043224 0.413779 0.018576 0.014196
0 0.049338 0.326185 0.011165 0.013513
0 0.069755 0.378378 0.014531 0.011452
0 0.050347 0.349817 0.016487 0.014208
0 0.141093 0.173009 0.013638 0.015037
0 0.183976 0.126770 0.009953 0.011743
0 0.148092 0.194232 0.013258 0.013751
0 0.162466 0.030035 0.011319 0.012636
0 0.289866 0.330274 0.014778 0.015089
0 0.364427 0.297522 0.014915 0.015525
0 0.299953 0.307998 0.011666 0.014907
0 0.277202 0.292620 0.013509 0.012301
0 0.281172 0.306244 0.014038 0.011141
0 0.339965 0.279045 0.011808 0.016524
0 0.329929 0.279855 0.012070 0.013473
0 0.342217 0.132181 0.014131 0.012147
0 0.226172 0.090233 0.015247 0.011359
0 0.179774 0.006601 0.012830 0.010583
0 0.171548 0.009593 0.012333 0.010175
0 0.364477 0.074795 0.012778 0.009803
0 0.444877 0.046231 0.014822 0.014156
0 0.491229 0.049466 0.012919 0.013586
0 0.545065 0.047508 0.011678 0.010688
0 0.331080 0.118888 0.013549 0.012006
0 0.291012 0.378101 0.014030 0.010559
0 0.279087 0.381740 0.011476 0.011242
0 0.104498 0.325413 0.012442 0.015534
0 0.350671 0.397826 0.013913 0.012547
0 0.342923 0.356698 0.014418 0.011145
0 0.339203 0.349150 0.015376 0.010741
0 0.356809 0.369910 0.016128 0.013792
0 0.359121 0.378691 0.012410 0.011206
0 0.370082 0.386905 0.012624 0.010854
0 0.381383 0.336120 0.017356 0.016217
0 0.391724 0.357430 0.015683 0.012640
0 0.383421 0.347857 0.018201 0.013578
0 0.289610 0.404275 0.015485 0.013517
0 0.294865 0.415913 0.016516 0.010422
0 0.507728 0.050779 0.020055 0.013966
0 0.528364 0.060021 0.016641 0.013950
0 0.470175 0.167867 0.012774 0.013343
0 0.440385 0.162104 0.013016 0.011719
0 0.430101 0.171833 0.012620 0.011973
0 0.449591 0.134213 0.015546 0.014046
0 0.518366 0.130774 0.015251 0.013659
0 0.562413 0.134236 0.015752 0.015327
0 0.545556 0.175193 0.014891 0.016099
0 0.448613 0.204654 0.015311 0.014859
0 0.474734 0.207446 0.013598 0.015400
0 0.435174 0.250588 0.013311 0.015869
0 0.451116 0.258882 0.013594 0.013287
0 0.558869 0.222931 0.013772 0.010050
0 0.466427 0.085208 0.015558 0.013497
0 0.438486 0.103688 0.014091 0.012713
0 0.472354 0.123359 0.015586 0.012374
0 0.432380 0.118716 0.014996 0.011913
0 0.514907 0.106373 0.015008 0.012741
0 0.430475 0.317592 0.012923 0.013703
0 0.480575 0.330430 0.017853 0.015594
0 0.432800 0.279428 0.014770 0.013299
0 0.480906 0.275404 0.016972 0.014552
0 0.503289 0.293806 0.014103 0.010608
0 0.478480 0.309520 0.014746 0.011396
0 0.452799 0.390544 0.012749 0.012103
0 0.381001 0.298169 0.011832 0.010814
0 0.394540 0.415919 0.013913 0.011881
0 0.519558 0.391857 0.016560 0.014956
0 0.557980 0.407077 0.014402 0.012317
0 0.498541 0.392702 0.013505 0.013040
0 0.539681 0.301143 0.015489 0.011274
0 0.562201 0.299670 0.014228 0.012410
0 0.539317 0.246127 0.013267 0.011028
0 0.549840 0.250616 0.014519 0.012369
0 0.517702 0.086883 0.013380 0.013865
0 0.539830 0.089399 0.011893 0.013715
0 0.526966 0.082796 0.014620 0.013101
0 0.528184 0.093605 0.016394 0.014927
0 0.391475 0.076706 0.013166 0.016390
0 0.582935 0.044055 0.013646 0.015073
0 0.602096 0.058356 0.012244 0.012996
0 0.638693 0.060067 0.016693 0.013469
0 0.596727 0.078145 0.014164 0.010442
0 0.676311 0.063092 0.016790 0.014839
0 0.677882 0.007118 0.017881 0.011319
0 0.671916 0.083252 0.013230 0.009488
0 0.698787 0.083307 0.013380 0.011044
0 0.592721 0.241449 0.015671 0.016754
0 0.686393 0.174783 0.015360 0.014584
0 0.654667 0.123101 0.012911 0.011953
0 0.544069 0.117659 0.017906 0.010389
0 0.226542 0.031720 0.015728 0.014834
0 0.230743 0.384913 0.011497 0.014240
0 0.611238 0.198392 0.013832 0.015089
0 0.615843 0.159987 0.012858 0.013093
0 0.623903 0.257361 0.016992 0.013234
0 0.716282 0.093217 0.013877 0.012519
0 0.705337 0.096640 0.012167 0.012058
0 0.670506 0.093052 0.016406 0.010216
0 0.762980 0.009858 0.014313 0.014115
0 0.757484 0.024603 0.011266 0.011537
0 0.751231 0.040222 0.014059 0.012547
0 0.759963 0.048936 0.014972 0.014491
0 0.657061 0.230654 0.010741 0.010858
0 0.682437 0.226459 0.011763 0.012515
0 0.779190 0.161454 0.010608 0.009973
0 0.763442 0.178448 0.011650 0.014051
0 0.740706 0.099532 0.012462 0.011020
0 0.781071 0.075712 0.012584 0.011743
0 0.801616 0.075898 0.009868 0.011282
0 0.751623 0.126940 0.013347 0.011727
0 0.611109 0.121009 0.009371 0.009226
0 0.831238 0.074974 0.011424 0.014042
0 0.823023 0.100449 0.013412 0.011796
0 0.782330 0.096507 0.017267 0.012139
0 0.872085 0.038139 0.012798 0.009512
0 0.829899 0.039466 0.014443 0.017316
0 0.821560 0.043366 0.011109 0.012604
0 0.551973 0.271753 0.013501 0.011743
0 0.710701 0.229191 0.010507 0.012612
0 0.712354 0.237208 0.008607 0.008813
0 0.727231 0.207899 0.015214 0.011181
0 0.725073 0.217747 0.014018 0.007060
0 0.722044 0.226077 0.013804 0.008001
0 0.764089 0.210422 0.011804 0.010709
0 0.830818 0.216239 0.014382 0.009387
0 0.840454 0.199015 0.013675 0.013012
0 0.845705 0.131926 0.017607 0.014434
0 0.858258 0.145989 0.015000 0.009545
0 0.875081 0.147298 0.016802 0.011113
0 0.785573 0.122931 0.014095 0.012794
0 0.775216 0.121842 0.013020 0.010139
0 0.875554 0.026390 0.013562 0.011392
0 0.907090 0.081246 0.019001 0.014940
0 0.879128 0.101734 0.013735 0.012022
0 0.901685 0.143217 0.012337 0.014661
0 0.935678 0.130892 0.013226 0.012252
0 0.924581 0.056939 0.008126 0.008337
0 0.956499 0.066058 0.011363 0.013804
0 0.964169 0.092387 0.017433 0.012030
0 0.939068 0.008840 0.016281 0.013865
0 0.823296 0.004829 0.013950 0.006458
0 0.973730 0.015216 0.011307 0.017704
0 0.979642 0.074388 0.012010 0.013622
0 0.923888 0.177529 0.011234 0.012891
0 0.931982 0.186183 0.014879 0.010446
0 0.980767 0.184295 0.021058 0.015683
0 0.975340 0.209113 0.014382 0.013602
0 0.971349 0.222317 0.016237 0.013315
0 0.562690 0.007072 0.011763 0.011404
0 0.795823 0.213132 0.012046 0.011666
0 0.785205 0.206036 0.016342 0.012757
0 0.771547 0.249244 0.017845 0.015550
0 0.913577 0.235616 0.014447 0.014576
0 0.930639 0.233117 0.015521 0.010604
0 0.966854 0.241086 0.013630 0.012430
0 0.947360 0.235159 0.013153 0.012822
0 0.951840 0.245549 0.008793 0.007779
0 0.945336 0.253352 0.011505 0.010987
0 0.829230 0.252592 0.013210 0.010600
0 0.816763 0.253144 0.008086 0.009254
0 0.710924 0.146068 0.013133 0.014253
0 0.992894 0.092147 0.011343 0.014766
0 0.698271 0.280237 0.015299 0.012765
0 0.673456 0.327676 0.015194 0.015291
0 0.685360 0.302697 0.015380 0.014212
0 0.629358 0.297372 0.019764 0.011703
0 0.590056 0.288149 0.012208 0.011998
0 0.605771 0.290937 0.015942 0.009937
0 0.625206 0.274620 0.013578 0.010810
0 0.611705 0.302699 0.013368 0.010684
0 0.600398 0.315945 0.015477 0.012826
0 0.416196 0.371298 0.014673 0.016366
0 0.717401 0.344757 0.017797 0.015663
0 0.600574 0.365657 0.015990 0.014119
0 0.721598 0.378196 0.015061 0.013012
0 0.705794 0.383644 0.015635 0.013659
0 0.722907 0.275701 0.012111 0.012301
0 0.623456 0.382104 0.013529 0.015590
0 0.612825 0.379136 0.011008 0.013848
0 0.634925 0.394387 0.013457 0.016629
0 0.682501 0.371094 0.010616 0.012240
0 0.696738 0.369001 0.014616 0.013978
0 0.747181 0.330777 0.015263 0.011957
0 0.745232 0.359418 0.011751 0.012713
0 0.793431 0.306412 0.017065 0.014952
0 0.775151 0.286706 0.018071 0.014269
0 0.802529 0.358765 0.014701 0.013622
0 0.876623 0.276008 0.014414 0.011986
0 0.816383 0.321370 0.015829 0.013655
0 0.820233 0.277127 0.012648 0.011299
0 0.826462 0.348655 0.014034 0.009929
0 0.823641 0.366193 0.015707 0.014366
0 0.786870 0.371395 0.017085 0.011549
0 0.790844 0.385989 0.015796 0.011181
0 0.807107 0.397603 0.017401 0.015247
0 0.861196 0.325269 0.019663 0.014713
0 0.863712 0.311698 0.016621 0.015437
0 0.927620 0.325668 0.016006 0.018136
0 0.986633 0.306570 0.017417 0.018847
0 0.917709 0.295829 0.012576 0.013101
0 0.909536 0.319834 0.016806 0.016645
0 0.904269 0.310199 0.013117 0.011024
0 0.906780 0.299037 0.014212 0.014208
0 0.923304 0.277279 0.015966 0.012701
0 0.943222 0.348424 0.015020 0.010882
0 0.945079 0.362317 0.013036 0.011691
0 0.931635 0.375974 0.013958 0.011339
0 0.958218 0.377647 0.014244 0.012697
0 0.993696 0.394263 0.012131 0.012697
0 0.984642 0.349443 0.012830 0.010519
0 0.991807 0.364673 0.014818 0.010705
0 0.938114 0.367211 0.017914 0.014956
0 0.969933 0.407475 0.012644 0.011723
0 0.963342 0.414064 0.011448 0.009739
0 0.917408 0.411021 0.013606 0.023034
0 0.841654 0.350231 0.015024 0.013331
0 0.743425 0.275588 0.014612 0.011460
0 0.850516 0.360438 0.016980 0.017178
0 0.833370 0.315769 0.012260 0.014576
0 0.844614 0.318703 0.012127 0.014616
0 0.573540 0.372573 0.012256 0.014964
0 0.043273 0.441034 0.014164 0.013085
0 0.050660 0.461861 0.014374 0.014459
0 0.025785 0.448281 0.011695 0.015602
0 0.016980 0.445635 0.012196 0.015231
0 0.053432 0.487725 0.015416 0.016879
0 0.080602 0.423395 0.015226 0.016309
0 0.027539 0.293734 0.013739 0.012232
0 0.087330 0.485236 0.015275 0.014325
0 0.093143 0.474384 0.014592 0.016851
0 0.038252 0.509278 0.016140 0.018613
0 0.027913 0.526072 0.014228 0.014976
0 0.093339 0.514467 0.014919 0.015922
0 0.086899 0.550013 0.014899 0.015861
0 0.101295 0.558693 0.012543 0.014099
0 0.069432 0.537266 0.011864 0.012648
0 0.132237 0.443464 0.013093 0.013089
0 0.127768 0.453553 0.015364 0.015356
0 0.142301 0.465494 0.013137 0.015049
0 0.139683 0.492259 0.015707 0.015966
0 0.147401 0.523822 0.012337 0.012422
0 0.173843 0.467058 0.015493 0.012454
0 0.176642 0.519864 0.020096 0.020282
0 0.135274 0.565367 0.019861 0.016083
0 0.168392 0.570390 0.017934 0.016390
0 0.250075 0.531964 0.016839 0.014960
0 0.233832 0.473893 0.014418 0.012394
0 0.231793 0.487125 0.015457 0.011743
0 0.239653 0.441424 0.012814 0.009759
0 0.250337 0.432101 0.018366 0.009711
0 0.064238 0.555089 0.013622 0.014164
0 0.078862 0.565571 0.015392 0.013541
0 0.204527 0.442687 0.016576 0.013400
0 0.208871 0.430705 0.015881 0.012438
0 0.225606 0.544675 0.016483 0.012184
0 0.333952 0.518718 0.017344 0.013060
0 0.318089 0.468658 0.019991 0.010604
0 0.395821 0.471483 0.015982 0.014176
0 0.340686 0.561173 0.019522 0.015922
0 0.313142 0.454125 0.014915 0.012757
0 0.337257 0.451136 0.014370 0.012430
0 0.439975 0.457685 0.011315 0.009929
0 0.450625 0.458707 0.010842 0.008999
0 0.544879 0.488659 0.013190 0.014956
0 0.553377 0.449164 0.014418 0.012252
0 0.531077 0.450750 0.017348 0.012353
0 0.628764 0.487408 0.014455 0.015186
0 0.482369 0.458871 0.010798 0.007985
0 0.493009 0.458101 0.011703 0.009048
0 0.477334 0.469488 0.016221 0.011618
0 0.491859 0.476328 0.014843 0.010886
0 0.271399 0.563492 0.014026 0.014556
0 0.317701 0.572633 0.014148 0.012365
0 0.307251 0.573459 0.013081 0.011060
0 0.353199 0.576490 0.013004 0.011586
0 0.361335 0.604052 0.016168 0.013990
0 0.297995 0.598303 0.015550 0.012717
0 0.413713 0.505453 0.011379 0.013056
0 0.409603 0.531489 0.009828 0.010608
0 0.416576 0.560772 0.011190 0.009917
0 0.442446 0.531797 0.011763 0.010422
0 0.455931 0.562769 0.013776 0.014855
0 0.444056 0.564791 0.012430 0.013549
0 0.492063 0.535157 0.013465 0.014685
0 0.482711 0.532114 0.013889 0.012988
0 0.463488 0.514859 0.015037 0.012850
0 0.484262 0.491282 0.012814 0.010680
0 0.638984 0.415790 0.016063 0.010539
0 0.629098 0.409591 0.016309 0.011129
0 0.631621 0.425015 0.016879 0.011994
0 0.672369 0.445515 0.013238 0.011792
0 0.667849 0.462572 0.015635 0.010684
0 0.678123 0.493741 0.014911 0.011961
0 0.580967 0.223047 0.013073 0.009852
0 0.255991 0.411023 0.012838 0.012620
0 0.560411 0.541220 0.013040 0.013751
0 0.526701 0.569887 0.012911 0.010697
0 0.510994 0.548482 0.011408 0.012951
0 0.588364 0.511270 0.010628 0.011767
0 0.602185 0.494367 0.013901 0.011832
0 0.644417 0.555594 0.014273 0.014212
0 0.672967 0.535338 0.015178 0.011969
0 0.679163 0.547092 0.015336 0.012103
0 0.720652 0.553127 0.016144 0.012891
0 0.649810 0.527259 0.014325 0.011020
0 0.622515 0.566264 0.013238 0.012495
0 0.711805 0.450918 0.017708 0.012503
0 0.718307 0.457654 0.014119 0.011476
0 0.724514 0.463910 0.014507 0.009512
0 0.717735 0.472380 0.019764 0.012947
0 0.734359 0.459529 0.018722 0.009739
0 0.742910 0.442175 0.015845 0.012685
0 0.759551 0.431408 0.014915 0.012867
0 0.596325 0.553911 0.012907 0.012430
0 0.587388 0.552200 0.010470 0.011060
0 0.785159 0.503893 0.014632 0.011198
0 0.796459 0.466999 0.014224 0.010001
0 0.762947 0.566149 0.012915 0.012297
0 0.856864 0.486378 0.012236 0.012317
0 0.829864 0.566499 0.012458 0.014483
0 0.816034 0.566309 0.011687 0.013877
0 0.776927 0.570273 0.014139 0.015218
0 0.799090 0.548096 0.012115 0.016705
0 0.839468 0.441810 0.012608 0.012673
0 0.906485 0.553339 0.015045 0.015263
0 0.900089 0.483499 0.012038 0.012693
0 0.964825 0.467171 0.011634 0.011250
0 0.979254 0.444600 0.010943 0.008498
0 0.949314 0.435332 0.015146 0.013206
0 0.838389 0.409185 0.020399 0.012143
0 0.964781 0.507773 0.015513 0.016031
0 0.973804 0.563619 0.014657 0.013655
0 0.953448 0.624695 0.015566 0.010656
0 0.925296 0.621311 0.014156 0.010288
0 0.926303 0.505399 0.015562 0.010975
0 0.933075 0.460956 0.013291 0.012867
0 0.920104 0.459047 0.011036 0.007941
0 0.914901 0.469406 0.014111 0.013052
0 0.880623 0.380738 0.011618 0.012721
0 0.853338 0.380785 0.009864 0.008563
0 0.881191 0.550042 0.011299 0.011933
0 0.941967 0.567658 0.013489 0.010927
0 0.470359 0.602108 0.015372 0.014515
0 0.546744 0.601205 0.014891 0.012030
0 0.555671 0.608567 0.012151 0.010899
0 0.551504 0.625863 0.015869 0.013218
0 0.448352 0.679622 0.016027 0.012471
0 0.525020 0.682631 0.013032 0.011351
0 0.527277 0.702682 0.012479 0.013428
0 0.566462 0.708174 0.009957 0.014834
0 0.588946 0.681469 0.013529 0.010789
0 0.392916 0.636594 0.017558 0.014200
0 0.895906 0.536430 0.014358 0.012931
0 0.056970 0.599443 0.013659 0.013485
0 0.063383 0.606137 0.012543 0.011509
0 0.073146 0.604383 0.015129 0.011541
0 0.007542 0.616706 0.013073 0.013137
0 0.022799 0.611667 0.008672 0.013436
0 0.031039 0.615952 0.010579 0.010183
0 0.056297 0.620440 0.016580 0.012038
0 0.085588 0.646096 0.013917 0.012111
0 0.091860 0.667178 0.013052 0.010325
0 0.079727 0.664082 0.011020 0.012895
0 0.104801 0.644991 0.012450 0.015396
0 0.059362 0.648179 0.010563 0.011388
0 0.058790 0.658682 0.011036 0.006409
0 0.049793 0.663695 0.011978 0.011367
0 0.055392 0.674466 0.011747 0.009812
0 0.072202 0.688017 0.012062 0.015748
0 0.061627 0.688949 0.011190 0.013093
0 0.036454 0.676555 0.014960 0.016245
0 0.006714 0.665428 0.013428 0.009873
0 0.007845 0.688118 0.013655 0.010705
0 0.008033 0.697916 0.014984 0.014588
0 0.006916 0.733011 0.013832 0.011565
0 0.014980 0.746078 0.009512 0.011448
0 0.022856 0.746935 0.012309 0.009517
0 0.023393 0.760414 0.011501 0.012656
0 0.005886 0.743878 0.011432 0.011864
0 0.214653 0.597220 0.014459 0.013105
0 0.229504 0.615031 0.016253 0.011153
0 0.229187 0.626944 0.015198 0.012446
0 0.197994 0.612760 0.016427 0.011622
0 0.192373 0.625073 0.014051 0.010143
0 0.207822 0.648365 0.011982 0.011711
0 0.210538 0.663042 0.014988 0.011428
0 0.239017 0.727839 0.013093 0.011614
0 0.205890 0.724627 0.013913 0.012180
0 0.174508 0.724982 0.015901 0.011460
0 0.150688 0.699399 0.011759 0.013578
0 0.140905 0.704654 0.014887 0.012507
0 0.171340 0.592559 0.011893 0.014822
0 0.158243 0.599419 0.014786 0.010616
0 0.147351 0.602647 0.008470 0.016087
0 0.137626 0.597008 0.013250 0.010490
0 0.165652 0.626818 0.013279 0.013360
0 0.133636 0.610440 0.012107 0.012673
0 0.151640 0.619044 0.012442 0.013764
0 0.117227 0.612917 0.012491 0.016689
0 0.127804 0.599481 0.010498 0.010361
0 0.141182 0.631276 0.013509 0.011282
0 0.148605 0.642053 0.012887 0.010595
0 0.168148 0.639275 0.015142 0.013186
0 0.118324 0.657469 0.015348 0.015210
0 0.323934 0.631159 0.013408 0.012875
0 0.345121 0.642572 0.014539 0.013970
0 0.331082 0.640954 0.014758 0.011218
0 0.367746 0.660809 0.011646 0.011553
0 0.373559 0.668099 0.013420 0.011941
0 0.359222 0.674116 0.011626 0.012232
0 0.403966 0.676634 0.014725 0.011084
0 0.496620 0.574132 0.011230 0.011371
0 0.408116 0.713090 0.013553 0.014717
0 0.399298 0.728613 0.013659 0.012475
0 0.368274 0.728748 0.014786 0.012406
0 0.339847 0.693048 0.013489 0.008733
0 0.340522 0.702898 0.014556 0.012972
0 0.350366 0.714651 0.011048 0.012806
0 0.303062 0.660935 0.014119 0.009961
0 0.307881 0.671475 0.013646 0.013279
0 0.302884 0.720462 0.011986 0.013630
0 0.329919 0.728815 0.018564 0.012717
0 0.276234 0.722255 0.010911 0.012834
0 0.262717 0.667921 0.014418 0.014568
0 0.236034 0.584962 0.014919 0.014717
0 0.465934 0.726576 0.013909 0.010204
0 0.527315 0.729817 0.010882 0.011472
0 0.537793 0.728888 0.013396 0.012394
0 0.564624 0.686807 0.011121 0.010773
0 0.594129 0.618886 0.012887 0.014887
0 0.602393 0.642512 0.017413 0.014770
0 0.641629 0.607608 0.013844 0.012406
0 0.635004 0.621163 0.014980 0.012685
0 0.648104 0.635250 0.011028 0.015295
0 0.664293 0.654263 0.018399 0.013170
0 0.689032 0.673094 0.013929 0.016459
0 0.699320 0.584917 0.015869 0.012826
0 0.635020 0.685092 0.014511 0.013760
0 0.594365 0.706935 0.015420 0.012301
0 0.622468 0.713977 0.013283 0.014051
0 0.641063 0.701312 0.015057 0.011537
0 0.652196 0.701989 0.013562 0.013351
0 0.679046 0.718341 0.017615 0.012070
0 0.699779 0.723865 0.014418 0.011998
0 0.713609 0.728538 0.016758 0.011202
0 0.716145 0.622272 0.014200 0.010992
0 0.711144 0.632555 0.013873 0.011367
0 0.736055 0.685674 0.011872 0.014447
0 0.785264 0.645128 0.014091 0.010636
0 0.760466 0.651341 0.014168 0.011311
0 0.766631 0.708129 0.009444 0.015231
0 0.780546 0.698954 0.014661 0.011177
0 0.800890 0.687098 0.012725 0.011678
0 0.981882 0.469092 0.014544 0.012281
0 0.911203 0.592765 0.011541 0.011266
0 0.901465 0.594535 0.015251 0.009302
0 0.941533 0.588514 0.013469 0.010563
0 0.955664 0.594016 0.014390 0.010090
0 0.879136 0.636002 0.013234 0.012030
0 0.920934 0.669320 0.014273 0.012418
0 0.957810 0.673346 0.012951 0.008987
0 0.966518 0.679299 0.015037 0.010321
0 0.914951 0.648464 0.012879 0.012596
0 0.924619 0.645278 0.012858 0.010466
0 0.909379 0.695192 0.012515 0.010612
0 0.989370 0.633112 0.010834 0.010979
0 0.993939 0.647529 0.011525 0.011476
0 0.994430 0.596618 0.010406 0.011230
0 0.873044 0.600495 0.015841 0.010757
0 0.852445 0.603314 0.007811 0.009282
0 0.855124 0.631219 0.015683 0.010377
0 0.853553 0.642831 0.016378 0.012256
0 0.842349 0.602653 0.011840 0.009464
0 0.834602 0.633286 0.013101 0.013800
0 0.833158 0.643609 0.012135 0.010434
0 0.826688 0.652162 0.014479 0.012725
0 0.828102 0.676769 0.016217 0.012753
0 0.813425 0.642974 0.006623 0.009949
0 0.812821 0.626818 0.012794 0.011024
0 0.870901 0.692371 0.010656 0.014022
0 0.726946 0.642974 0.015332 0.016002
0 0.602478 0.581485 0.014729 0.011674
0 0.694653 0.557154 0.012717 0.010309
0 0.485060 0.424138 0.014434 0.012155
0 0.584992 0.335059 0.011586 0.014459
0 0.660221 0.271120 0.018718 0.013945
0 0.773379 0.540715 0.021898 0.014430
0 0.847251 0.541580 0.018532 0.014907
0 0.885786 0.530772 0.016172 0.014346
0 0.857826 0.433370 0.016059 0.013590
0 0.836706 0.426793 0.014317 0.011420
0 0.974948 0.429052 0.015748 0.012131
0 0.990605 0.426985 0.012818 0.012070
0 0.979555 0.503841 0.017485 0.011093
0 0.930166 0.730686 0.015586 0.012006
0 0.270023 0.635945 0.016802 0.012200
0 0.335649 0.419004 0.013950 0.014026
0 0.111844 0.218618 0.013743 0.017902
0 0.028846 0.789129 0.012798 0.018193
0 0.082816 0.788202 0.015687 0.014414
0 0.087029 0.769053 0.010979 0.014717
0 0.103714 0.767811 0.011497 0.011392
0 0.092579 0.810498 0.014475 0.012058
0 0.070323 0.831747 0.015214 0.011699
0 0.100554 0.844489 0.018956 0.013380
0 0.028416 0.840254 0.014701 0.016879
0 0.015586 0.812581 0.012899 0.013032
0 0.102003 0.778295 0.012196 0.011703
0 0.058204 0.849556 0.017607 0.010349
0 0.052153 0.860519 0.016835 0.014794
0 0.124652 0.805598 0.013424 0.014584
0 0.134838 0.781714 0.012636 0.012293
0 0.134300 0.770518 0.014099 0.012167
0 0.120207 0.859988 0.012503 0.015356
0 0.183916 0.763208 0.011416 0.012216
0 0.199504 0.780004 0.012058 0.014548
0 0.174201 0.836441 0.014883 0.010539
0 0.183916 0.801464 0.012741 0.013929
0 0.196166 0.804172 0.012341 0.013347
0 0.186304 0.814220 0.014010 0.013020
0 0.191050 0.827268 0.014329 0.013157
0 0.253669 0.772601 0.013780 0.012058
0 0.215949 0.766904 0.012765 0.014499
0 0.215391 0.786969 0.013735 0.010971
0 0.242474 0.789210 0.013137 0.012802
0 0.277208 0.787967 0.012155 0.012184
0 0.260692 0.805600 0.012406 0.011978
0 0.258318 0.818446 0.011941 0.012681
0 0.304432 0.826318 0.011226 0.011557
0 0.295962 0.831135 0.015437 0.011177
0 0.329242 0.838352 0.015780 0.013521
0 0.295101 0.850067 0.014515 0.008163
0 0.382646 0.862259 0.015235 0.011210
0 0.342007 0.877592 0.013307 0.011788
0 0.370246 0.793012 0.013840 0.016617
0 0.416200 0.801256 0.016394 0.014192
0 0.380635 0.753215 0.012353 0.012515
0 0.358915 0.769470 0.015586 0.011614
0 0.374133 0.777206 0.011149 0.011610
0 0.387004 0.774224 0.013210 0.014059
0 0.345244 0.767817 0.013921 0.012648
0 0.337500 0.757611 0.013699 0.011691
0 0.333667 0.747915 0.014374 0.011517
0 0.449362 0.753255 0.014022 0.013574
0 0.454468 0.766506 0.016031 0.010664
0 0.467603 0.744288 0.010903 0.009403
0 0.474540 0.749838 0.014180 0.010022
0 0.509274 0.778281 0.015485 0.013994
0 0.553291 0.754142 0.014398 0.014249
0 0.484064 0.818545 0.010624 0.012636
0 0.494630 0.816925 0.014863 0.010406
0 0.442416 0.833038 0.015913 0.020504
0 0.481767 0.865934 0.015703 0.013574
0 0.488821 0.876376 0.013590 0.012070
0 0.457406 0.863352 0.016637 0.016790
0 0.521771 0.852855 0.011198 0.014491
0 0.527677 0.780116 0.011177 0.011311
0 0.530976 0.788521 0.010656 0.013275
0 0.533478 0.808823 0.014608 0.014487
0 0.561777 0.804212 0.014883 0.013711
0 0.556376 0.814644 0.014257 0.012479
0 0.568006 0.851092 0.011476 0.014859
0 0.565044 0.871389 0.012074 0.012483
0 0.553272 0.872369 0.013319 0.016794
0 0.585879 0.770597 0.013521 0.017894
0 0.596331 0.803628 0.014818 0.014774
0 0.640053 0.770858 0.014548 0.014608
0 0.700605 0.747181 0.012701 0.012232
0 0.589736 0.847267 0.014366 0.014046
0 0.610652 0.845766 0.013687 0.013832
0 0.605957 0.813751 0.012256 0.013812
0 0.615494 0.819624 0.014495 0.011618
0 0.678727 0.826896 0.014673 0.009900
0 0.655534 0.862170 0.017239 0.010773
0 0.697378 0.841017 0.013166 0.010486
0 0.712391 0.841120 0.013279 0.008171
0 0.712332 0.863861 0.012782 0.008910
0 0.709057 0.881054 0.014911 0.013360
0 0.683017 0.861525 0.011145 0.013137
0 0.692147 0.864621 0.014293 0.013178
0 0.744025 0.752728 0.016596 0.010280
0 0.747452 0.779677 0.012604 0.014079
0 0.741465 0.821750 0.015639 0.014139
0 0.762412 0.826480 0.013073 0.012576
0 0.757343 0.816252 0.013384 0.010102
0 0.753324 0.804616 0.013065 0.011602
0 0.748943 0.796411 0.014843 0.011581
0 0.761986 0.787856 0.012778 0.013772
0 0.762277 0.755880 0.014628 0.012204
0 0.784062 0.762115 0.010644 0.011105
0 0.774818 0.758333 0.007334 0.010644
0 0.833867 0.745086 0.013699 0.011404
0 0.813191 0.786300 0.014996 0.012826
0 0.819834 0.796241 0.013840 0.010701
0 0.868502 0.806604 0.011808 0.009993
0 0.877447 0.778673 0.014220 0.015142
0 0.804749 0.832992 0.014285 0.012281
0 0.825670 0.837948 0.007512 0.012244
0 0.856076 0.844707 0.008470 0.012701
0 0.842308 0.859050 0.010838 0.011105
0 0.834321 0.878591 0.010252 0.014131
0 0.837896 0.840761 0.009529 0.011969
0 0.848485 0.845066 0.012620 0.011901
0 0.768732 0.877384 0.016103 0.014645
0 0.920096 0.790721 0.011723 0.016350
0 0.966862 0.822827 0.010761 0.010119
0 0.966169 0.793162 0.009941 0.011881
0 0.992906 0.796825 0.008708 0.013000
0 0.976908 0.798110 0.009492 0.012127
0 0.927895 0.864021 0.014713 0.012673
0 0.985863 0.823898 0.016944 0.014402
0 0.905162 0.867084 0.013869 0.014685
0 0.092502 0.908029 0.012907 0.014511
0 0.068351 0.905459 0.014333 0.012369
0 0.045012 0.905566 0.015202 0.013319
0 0.040573 0.928937 0.022326 0.021171
0 0.060566 0.932532 0.017546 0.013990
0 0.078585 0.936173 0.012980 0.011476
0 0.015400 0.943725 0.010143 0.013254
0 0.065694 0.971042 0.013141 0.014685
0 0.056689 0.993197 0.015586 0.010163
0 0.099136 0.955408 0.013824 0.015323
0 0.082951 0.972368 0.012087 0.012648
0 0.123640 0.928614 0.013986 0.014544
0 0.177462 0.931881 0.017720 0.014523
0 0.142116 0.959202 0.012806 0.010135
0 0.134373 0.943820 0.017178 0.015724
0 0.144623 0.983939 0.016665 0.017995
0 0.223222 0.976249 0.012539 0.017348
0 0.195731 0.964058 0.014382 0.016710
0 0.177664 0.988447 0.012030 0.011662
0 0.169552 0.988008 0.012204 0.013832
0 0.216464 0.910533 0.013869 0.012010
0 0.234458 0.901200 0.013182 0.009614
0 0.259834 0.930493 0.013945 0.010640
0 0.252540 0.943418 0.013404 0.014378
0 0.261602 0.958786 0.016722 0.013473
0 0.293045 0.916580 0.019138 0.015934
0 0.294934 0.968084 0.012151 0.018419
0 0.273559 0.985190 0.011105 0.009989
0 0.274153 0.993496 0.013626 0.011165
0 0.316862 0.941755 0.019680 0.014843
0 0.315880 0.955113 0.016738 0.011727
0 0.279546 0.905778 0.014624 0.012095
0 0.343169 0.957386 0.014451 0.013081
0 0.365158 0.960208 0.014527 0.011792
0 0.377938 0.975653 0.013570 0.011525
0 0.375675 0.966030 0.010798 0.008935
0 0.385074 0.963989 0.010482 0.011731
0 0.391675 0.952195 0.013048 0.009965
0 0.404265 0.931170 0.011751 0.015534
0 0.409017 0.942511 0.013820 0.012054
0 0.419552 0.940274 0.009585 0.011210
0 0.422698 0.919479 0.015998 0.010595
0 0.395118 0.886547 0.010785 0.008951
0 0.334127 0.863180 0.012959 0.012487
0 0.524270 0.917346 0.016697 0.011137
0 0.510737 0.937526 0.013885 0.012664
0 0.545401 0.937577 0.013166 0.013469
0 0.556204 0.914945 0.016144 0.015081
0 0.543586 0.922001 0.012325 0.015008
0 0.451793 0.971998 0.012200 0.013137
0 0.451627 0.993072 0.012539 0.010131
0 0.482880 0.963314 0.009694 0.007674
0 0.496183 0.965042 0.009807 0.010579
0 0.521177 0.994525 0.012806 0.009108
0 0.620668 0.904271 0.015517 0.015045
0 0.610430 0.948878 0.013485 0.014200
0 0.608602 0.967636 0.015881 0.016988
0 0.654332 0.936589 0.011723 0.012357
0 0.646579 0.947807 0.007670 0.011056
0 0.646904 0.983923 0.016023 0.014261
0 0.672415 0.902208 0.014398 0.013747
0 0.690440 0.909342 0.013473 0.011351
0 0.703818 0.937343 0.018043 0.014657
0 0.718513 0.948114 0.013481 0.013432
0 0.741884 0.963413 0.014560 0.012681
0 0.774790 0.941044 0.014988 0.014624
0 0.803921 0.952183 0.013760 0.018144
0 0.833596 0.898897 0.019009 0.013986
0 0.832434 0.971915 0.015772 0.013440
0 0.792105 0.957610 0.013663 0.014055
0 0.782114 0.958715 0.010046 0.016023
0 0.775184 0.969735 0.009868 0.012862
0 0.764160 0.986467 0.012293 0.012624
0 0.750651 0.979842 0.011719 0.011691
0 0.737637 0.983505 0.012394 0.016204
0 0.932380 0.889152 0.012814 0.009537
0 0.930174 0.900828 0.014931 0.010001
0 0.901489 0.902525 0.011678 0.011190
0 0.897799 0.913713 0.013885 0.011153
0 0.897080 0.923009 0.011517 0.013000
0 0.914860 0.935029 0.014604 0.016552
0 0.941309 0.969234 0.011751 0.011658
0 0.919641 0.981171 0.016746 0.017211
0 0.917782 0.803020 0.011614 0.013234
0 0.458772 0.842668 0.016750 0.015372
0 0.884238 0.200269 0.010773 0.012733
0 0.872091 0.117902 0.012834 0.009234
0 0.986687 0.026297 0.011634 0.014309
0 0.937559 0.108044 0.014830 0.008623
0 0.417251 0.402153 0.012523 0.013218
0 0.111729 0.052771 0.012430 0.013497
0 0.642944 0.155162 0.018334 0.019857