0 0.434932 0.126953 0.012720 0.011719
0 0.386986 0.056152 0.014677 0.012695
0 0.208904 0.452637 0.012720 0.012695
0 0.025440 0.438965 0.011742 0.012695
0 0.236791 0.498535 0.015656 0.012695
0 0.229941 0.672852 0.013699 0.011719
0 0.814090 0.802734 0.013699 0.013672
0 0.474560 0.289551 0.011742 0.010742
0 0.324464 0.169654 0.013220 0.012337
0 0.351257 0.172418 0.012397 0.014168
0 0.351549 0.101187 0.015986 0.011942
0 0.283119 0.022416 0.014070 0.012445
0 0.561571 0.486402 0.014511 0.014110
0 0.528581 0.251533 0.013733 0.011893
0 0.163576 0.098225 0.015455 0.015497
0 0.192943 0.134561 0.017461 0.011040
0 0.203074 0.144971 0.012937 0.010003
0 0.249786 0.149903 0.014870 0.015784
0 0.237944 0.150329 0.013094 0.019652
0 0.258867 0.103325 0.012851 0.013365
0 0.236583 0.120745 0.015887 0.010515
0 0.241102 0.130156 0.012910 0.010614
0 0.270349 0.218561 0.013009 0.015304
0 0.292182 0.213828 0.014362 0.017130
0 0.243702 0.215163 0.011723 0.010205
0 0.153489 0.176812 0.011507 0.015290
0 0.169619 0.220811 0.015554 0.016403
0 0.237568 0.188492 0.016489 0.014415
0 0.224352 0.186174 0.010922 0.014105
0 0.180451 0.193536 0.014340 0.012808
0 0.166051 0.195352 0.014120 0.015524
0 0.177225 0.161419 0.012654 0.011682
0 0.161990 0.144223 0.011628 0.016596
0 0.161664 0.157398 0.008863 0.013890
0 0.179667 0.151386 0.011089 0.011866
0 0.130084 0.148574 0.012667 0.009205
0 0.239054 0.089337 0.012573 0.011902
0 0.170943 0.250025 0.014884 0.013706
1 0.535739 0.463496 0.778399 0.782498
0 0.203290 0.281233 0.013503 0.017433
0 0.212311 0.254489 0.010653 0.009658
0 0.226219 0.254221 0.012232 0.007536
0 0.274901 0.263499 0.014519 0.011844
0 0.244144 0.266431 0.011568 0.011331
0 0.169419 0.283328 0.018714 0.012951
0 0.261319 0.254793 0.012653 0.012681
0 0.241640 0.298997 0.013078 0.011598
0 0.283499 0.331838 0.014831 0.016212
0 0.207432 0.328395 0.015277 0.012519
0 0.199159 0.353029 0.011839 0.012818
0 0.169577 0.340896 0.012147 0.009985
0 0.169344 0.371181 0.014993 0.013958
0 0.180675 0.378154 0.011977 0.010397
0 0.245982 0.378200 0.016726 0.012931
0 0.269348 0.369862 0.012515 0.011602
0 0.266040 0.402147 0.015471 0.011856
0 0.220525 0.413218 0.012665 0.010713
0 0.197290 0.415644 0.014013 0.013448
0 0.240737 0.421237 0.011904 0.011347
0 0.248899 0.413092 0.013701 0.009880
0 0.182313 0.449948 0.012491 0.013497
0 0.174584 0.472465 0.013519 0.016447
0 0.181724 0.497957 0.015920 0.014899
0 0.190587 0.521930 0.017240 0.012422
0 0.156447 0.518356 0.013054 0.011763
0 0.201950 0.495347 0.016192 0.013347
0 0.208252 0.506338 0.014017 0.012159
0 0.396534 0.152705 0.013766 0.011444
0 0.343291 0.141190 0.012422 0.014931
0 0.324349 0.195362 0.015374 0.012681
0 0.314048 0.199302 0.012629 0.011282
0 0.318310 0.220388 0.016058 0.011759
0 0.452298 0.142091 0.012037 0.012507
0 0.434311 0.185289 0.011483 0.010268
0 0.427399 0.213484 0.011750 0.013501
0 0.413858 0.204939 0.015762 0.012196
0 0.386882 0.239085 0.015418 0.010070
0 0.445822 0.242445 0.013459 0.015077
0 0.404928 0.279485 0.010689 0.010365
0 0.329732 0.417677 0.013920 0.011703
0 0.283521 0.469737 0.012778 0.010272
0 0.274557 0.481397 0.008948 0.009751
0 0.284669 0.488134 0.010321 0.010543
0 0.284238 0.505358 0.015880 0.012972
0 0.256519 0.553165 0.012058 0.011796
0 0.166877 0.553173 0.013175 0.012677
0 0.274802 0.689171 0.014110 0.012883
0 0.175651 0.633098 0.016277 0.016479
0 0.166784 0.613877 0.017507 0.014560
0 0.182439 0.575870 0.015811 0.012390
0 0.255750 0.627843 0.011296 0.014172
0 0.201138 0.672516 0.009944 0.012749
0 0.265526 0.603991 0.014353 0.013950
0 0.213081 0.588550 0.019001 0.014588
0 0.275292 0.622577 0.012410 0.012563
0 0.190144 0.552125 0.014361 0.009440
0 0.237510 0.566220 0.011337 0.014790
0 0.183398 0.684728 0.014928 0.017687
0 0.190067 0.731753 0.015665 0.010963
0 0.284072 0.803549 0.011960 0.012782
0 0.191024 0.770480 0.013734 0.013570
0 0.168853 0.771890 0.011920 0.011371
0 0.224211 0.816185 0.011989 0.011432
0 0.254390 0.838969 0.014876 0.014220
0 0.286321 0.751687 0.014248 0.013905
0 0.214281 0.866108 0.012770 0.012200
0 0.316364 0.752590 0.013706 0.013077
0 0.325035 0.816674 0.013604 0.012806
0 0.365323 0.740762 0.015511 0.012875
0 0.377000 0.765572 0.014718 0.012030
0 0.387167 0.784395 0.014191 0.011480
0 0.376025 0.835160 0.012499 0.012277
0 0.439232 0.788533 0.017625 0.016435
0 0.344494 0.833196 0.016277 0.014386
0 0.391728 0.567832 0.016268 0.014329
0 0.345342 0.479500 0.010855 0.012761
0 0.394739 0.437544 0.016151 0.014624
0 0.348682 0.444800 0.013309 0.014135
0 0.363518 0.369357 0.013568 0.015352
0 0.367356 0.326470 0.019414 0.014091
0 0.316498 0.314478 0.014710 0.011145
0 0.392609 0.333337 0.015106 0.012341
0 0.437615 0.469133 0.014770 0.011739
0 0.331711 0.347923 0.013345 0.010462
0 0.329076 0.367185 0.008835 0.011396
0 0.371856 0.263871 0.014341 0.011367
0 0.339510 0.286114 0.014114 0.013974
0 0.431584 0.286227 0.010207 0.014863
0 0.350913 0.267473 0.012240 0.010886
0 0.387722 0.283162 0.009989 0.012289
0 0.230554 0.730898 0.011653 0.015323
0 0.183562 0.798015 0.011928 0.011371
0 0.085941 0.209657 0.011381 0.012911
0 0.130920 0.209440 0.019042 0.011824
0 0.138581 0.268011 0.007988 0.011808
0 0.132842 0.289149 0.011977 0.010862
0 0.130643 0.311748 0.011207 0.010107
0 0.107712 0.326742 0.010167 0.011299
0 0.114300 0.354280 0.011430 0.013857
0 0.076667 0.360060 0.010252 0.011121
0 0.055775 0.362085 0.012560 0.016423
0 0.070814 0.315391 0.012677 0.009577
0 0.085101 0.320695 0.016260 0.010018
0 0.093314 0.297991 0.012256 0.015089
0 0.098912 0.271518 0.012292 0.016552
0 0.103649 0.248135 0.010398 0.010066
0 0.111071 0.241787 0.007709 0.010333
0 0.121045 0.241302 0.012475 0.008684
0 0.078827 0.183178 0.011754 0.011032
0 0.042719 0.186221 0.011122 0.009997
0 0.040911 0.203282 0.014827 0.010668
0 0.022011 0.202761 0.015815 0.017134
0 0.033026 0.268896 0.011827 0.013465
0 0.053629 0.275244 0.015953 0.011913
0 0.029346 0.289426 0.010896 0.015861
0 0.074262 0.299306 0.009815 0.011497
0 0.031287 0.311381 0.010462 0.012127
0 0.031975 0.327779 0.014325 0.009129
0 0.059461 0.335598 0.010304 0.011367
0 0.044600 0.349184 0.006948 0.013848
0 0.034885 0.362156 0.010580 0.008983
0 0.026760 0.353761 0.008300 0.008640
0 0.040008 0.400404 0.014252 0.014794
0 0.035901 0.373729 0.010734 0.011901
0 0.099691 0.389242 0.013131 0.016903
0 0.099288 0.417897 0.013029 0.013008
0 0.112435 0.432764 0.015078 0.011674
0 0.118847 0.398256 0.010118 0.011735
0 0.065350 0.445224 0.014147 0.013109
0 0.069727 0.455874 0.011758 0.012458
0 0.049009 0.512961 0.016398 0.017348
0 0.010889 0.516922 0.014503 0.013533
0 0.016270 0.529018 0.011879 0.012147
0 0.093021 0.525717 0.013969 0.014006
0 0.101787 0.486083 0.013637 0.016697
0 0.073687 0.517896 0.014179 0.013040
0 0.101228 0.453248 0.017313 0.015950
0 0.119148 0.465781 0.017094 0.012236
0 0.086378 0.115277 0.011438 0.016948
0 0.070258 0.099560 0.010398 0.014495
0 0.031058 0.102134 0.015066 0.013210
0 0.046335 0.124370 0.012361 0.014337
0 0.072596 0.130686 0.012450 0.016253
0 0.128353 0.163983 0.014758 0.010983
0 0.135712 0.171344 0.014317 0.016168
0 0.124497 0.565482 0.011669 0.015109
0 0.130315 0.608913 0.010827 0.012357
0 0.102979 0.590005 0.014434 0.016988
0 0.098705 0.567143 0.010276 0.012054
0 0.090059 0.579135 0.015665 0.015251
0 0.061022 0.564563 0.016649 0.017304
0 0.037113 0.569630 0.012956 0.012818
0 0.024975 0.589128 0.011709 0.013457
0 0.028730 0.557420 0.014038 0.019821
0 0.060714 0.594424 0.013872 0.014867
0 0.118808 0.050894 0.016933 0.014746
0 0.121446 0.025347 0.014653 0.014398
0 0.069766 0.017404 0.016669 0.013739
0 0.014229 0.054830 0.015864 0.014172
0 0.071640 0.043812 0.015560 0.009084
0 0.056913 0.005419 0.012641 0.010208
0 0.089002 0.691925 0.011794 0.013178
0 0.059684 0.630920 0.010515 0.013990
0 0.101791 0.635812 0.014390 0.013461
0 0.115069 0.635531 0.015398 0.014119
0 0.321539 0.559346 0.014734 0.012964
0 0.428640 0.515635 0.010029 0.011775
0 0.432116 0.528600 0.013548 0.013881
0 0.438297 0.487917 0.011803 0.013166
0 0.446988 0.494866 0.013936 0.011448
0 0.425203 0.406857 0.013374 0.012879
0 0.431197 0.413113 0.013475 0.015530
0 0.402780 0.419322 0.012467 0.012139
0 0.365530 0.433299 0.012548 0.013157
0 0.375478 0.433148 0.011859 0.012523
0 0.395063 0.394894 0.013293 0.012123
0 0.410262 0.397947 0.010499 0.012814
0 0.417459 0.375525 0.014876 0.011808
0 0.441238 0.356906 0.012495 0.014568
0 0.440007 0.367853 0.014195 0.011553
0 0.419064 0.316393 0.012021 0.015534
0 0.375911 0.275846 0.012912 0.013384
0 0.364491 0.054608 0.013321 0.009484
0 0.287562 0.043422 0.012203 0.017380
0 0.233210 0.025848 0.014066 0.016322
0 0.161243 0.031974 0.013827 0.014616
0 0.124019 0.794592 0.011604 0.014572
0 0.073088 0.721127 0.011531 0.016956
0 0.088739 0.802727 0.015341 0.015841
0 0.337489 0.601376 0.015831 0.016665
0 0.356440 0.611089 0.012701 0.012402
0 0.388819 0.624834 0.014629 0.013691
0 0.364066 0.582642 0.013847 0.011961
0 0.352612 0.584200 0.012195 0.018722
0 0.396079 0.528606 0.009308 0.009941
0 0.473170 0.520425 0.013714 0.011973
0 0.518842 0.527327 0.013001 0.011561
0 0.560389 0.435374 0.015685 0.013574
0 0.521526 0.446503 0.012726 0.010333
0 0.353011 0.227906 0.012288 0.014584
0 0.067284 0.147490 0.011803 0.011513
0 0.013502 0.362333 0.011697 0.014180
0 0.037982 0.458362 0.010377 0.008858
0 0.041695 0.615714 0.011665 0.014362
0 0.052260 0.616267 0.011888 0.014976
0 0.129803 0.659959 0.013746 0.013481
0 0.137826 0.668150 0.013264 0.012414
0 0.056894 0.664260 0.011738 0.011327
0 0.068033 0.664628 0.010620 0.008797
0 0.065648 0.689981 0.012847 0.011586
0 0.083220 0.837570 0.014289 0.012313
0 0.071219 0.838197 0.009891 0.014511
0 0.058131 0.799775 0.012770 0.011990
0 0.059660 0.807499 0.012078 0.010321
0 0.022697 0.783754 0.012418 0.011323
0 0.033718 0.819137 0.013681 0.011565
0 0.020082 0.809898 0.013082 0.012353
0 0.043179 0.828741 0.016609 0.010462
0 0.085804 0.743611 0.015754 0.010264
0 0.084816 0.754106 0.013317 0.011953
0 0.101422 0.754807 0.011831 0.013315
0 0.096802 0.766475 0.015831 0.013117
0 0.089395 0.777230 0.015050 0.012135
0 0.133647 0.764782 0.015621 0.012834
0 0.070786 0.862378 0.012394 0.013081
0 0.044889 0.865209 0.017827 0.018475
0 0.040438 0.902016 0.013944 0.013622
0 0.013757 0.828706 0.012774 0.012664
0 0.021479 0.663977 0.016653 0.012386
0 0.218233 0.561369 0.011353 0.013687
0 0.330934 0.630686 0.015030 0.012786
0 0.338400 0.637869 0.014455 0.011206
0 0.357501 0.636842 0.013471 0.011747
0 0.364141 0.644896 0.014094 0.012992
0 0.355916 0.652849 0.014876 0.013372
0 0.439404 0.589114 0.013653 0.014390
0 0.445405 0.599178 0.013669 0.013206
0 0.406404 0.554186 0.012871 0.012802
0 0.433396 0.434213 0.014884 0.015631
0 0.443658 0.432754 0.014386 0.015154
0 0.384369 0.507413 0.013122 0.011448
0 0.374763 0.507310 0.013531 0.015202
0 0.321563 0.526072 0.015090 0.014313
0 0.325808 0.534068 0.011750 0.012790
0 0.350687 0.533368 0.013163 0.010971
0 0.500553 0.303804 0.014167 0.012774
0 0.532697 0.281368 0.016621 0.013024
0 0.515106 0.329896 0.016179 0.014269
0 0.512608 0.349715 0.014527 0.012656
0 0.529122 0.373062 0.012766 0.012450
0 0.508051 0.373299 0.014280 0.013360
0 0.585592 0.247377 0.014248 0.012810
0 0.598012 0.267235 0.013086 0.014321
0 0.578043 0.312114 0.012025 0.012632
0 0.596103 0.309275 0.011535 0.014123
0 0.471030 0.183075 0.014973 0.014576
0 0.485315 0.137515 0.012017 0.011687
0 0.468998 0.121868 0.015604 0.011606
0 0.345269 0.116578 0.012790 0.010895
0 0.351924 0.121672 0.014536 0.012353
0 0.310872 0.088102 0.011191 0.012842
0 0.246802 0.053307 0.013944 0.012693
0 0.245772 0.065510 0.010531 0.013832
0 0.213439 0.064351 0.011466 0.012822
0 0.199883 0.066529 0.010778 0.016443
0 0.167927 0.049611 0.013309 0.009343
0 0.165891 0.040994 0.011811 0.011876
0 0.206477 0.033924 0.013827 0.011000
0 0.210846 0.025464 0.013787 0.016823
0 0.251349 0.035221 0.016625 0.013982
0 0.341222 0.027689 0.016414 0.010781
0 0.311720 0.173959 0.012507 0.012741
0 0.514807 0.133862 0.016762 0.009715
0 0.563703 0.133722 0.013608 0.008918
0 0.537900 0.087485 0.010815 0.009856
0 0.536902 0.162393 0.011564 0.013372
0 0.555450 0.175130 0.011029 0.013477
0 0.568210 0.174258 0.012750 0.010349
0 0.521443 0.148951 0.011394 0.011614
0 0.521577 0.167293 0.011426 0.013650
0 0.486444 0.196675 0.010867 0.015703
0 0.555310 0.194846 0.010782 0.011319
0 0.588167 0.181604 0.016273 0.011771
0 0.598198 0.200049 0.012503 0.009270
0 0.588750 0.138628 0.011722 0.015691
0 0.581429 0.156908 0.012264 0.014362
0 0.542613 0.050122 0.014572 0.014859
0 0.568327 0.034934 0.013357 0.014143
0 0.492682 0.037559 0.015617 0.014358
0 0.498160 0.022429 0.013122 0.010810
0 0.328756 0.268425 0.013329 0.012693
0 0.463467 0.245973 0.013685 0.014972
0 0.410080 0.259591 0.011025 0.014673
0 0.473583 0.378532 0.009381 0.014168
0 0.662084 0.240950 0.016775 0.012749
0 0.619007 0.279964 0.012709 0.014782
0 0.699331 0.280081 0.009531 0.011606
0 0.720228 0.291531 0.012252 0.013420
0 0.697426 0.311080 0.011843 0.010789
0 0.697985 0.321117 0.014199 0.012858
0 0.708776 0.360315 0.011373 0.011549
0 0.665525 0.006910 0.012353 0.011371
0 0.690551 0.043970 0.010321 0.010781
0 0.715634 0.029121 0.013325 0.010785
0 0.736158 0.011616 0.015309 0.013291
0 0.749570 0.031524 0.013361 0.011929
0 0.490821 0.059653 0.013224 0.013028
0 0.579739 0.519787 0.012633 0.014592
0 0.589580 0.487552 0.009730 0.014503
0 0.577314 0.483288 0.013872 0.013347
0 0.478280 0.567759 0.012758 0.014216
0 0.491955 0.580519 0.012220 0.014131
0 0.500417 0.583873 0.013386 0.014616
0 0.528324 0.597511 0.013058 0.010010
0 0.538894 0.594800 0.012325 0.015416
0 0.559928 0.578981 0.019912 0.012713
0 0.558895 0.588680 0.010057 0.011032
0 0.598601 0.579125 0.016345 0.013921
0 0.567341 0.629940 0.011839 0.010915
0 0.582401 0.633888 0.014807 0.013501
0 0.591531 0.653234 0.014977 0.012753
0 0.579002 0.664335 0.009070 0.013400
0 0.588011 0.677519 0.016155 0.011222
0 0.593854 0.683936 0.012333 0.013347
0 0.568155 0.670199 0.014171 0.011088
0 0.478691 0.657518 0.018066 0.012535
0 0.479264 0.690381 0.013892 0.014980
0 0.378169 0.680616 0.014187 0.012180
0 0.373729 0.595313 0.012637 0.013727
0 0.379189 0.604177 0.014236 0.016689
0 0.293739 0.603389 0.010361 0.016948
0 0.237437 0.583408 0.012535 0.012103
0 0.118612 0.379677 0.014629 0.013436
0 0.139933 0.326080 0.011543 0.014717
0 0.226806 0.321247 0.010450 0.014426
0 0.483889 0.411807 0.012624 0.012515
0 0.498484 0.411666 0.013908 0.012038
0 0.498496 0.429652 0.014483 0.013954
0 0.473885 0.477928 0.011782 0.013343
0 0.480640 0.483260 0.013236 0.015877
0 0.553217 0.503423 0.017050 0.011460
0 0.699866 0.451755 0.014025 0.013553
0 0.748070 0.408904 0.017819 0.014346
0 0.697177 0.426381 0.013507 0.011194
0 0.629937 0.392891 0.014689 0.012248
0 0.623714 0.405049 0.014252 0.013198
0 0.632988 0.436744 0.013131 0.015239
0 0.654609 0.468173 0.012807 0.014370
0 0.671329 0.481329 0.013426 0.012580
0 0.686047 0.500968 0.011248 0.012515
0 0.666519 0.497367 0.013394 0.011779
0 0.639691 0.485475 0.012608 0.011432
0 0.632697 0.479377 0.014386 0.011383
0 0.670787 0.369557 0.011936 0.011533
0 0.679302 0.372030 0.017653 0.012357
0 0.669803 0.380777 0.015540 0.013937
0 0.718556 0.326249 0.010074 0.015146
0 0.730133 0.331903 0.014078 0.013869
0 0.715225 0.341771 0.009470 0.009189
0 0.742784 0.361491 0.013199 0.008502
0 0.750084 0.338946 0.011507 0.009448
0 0.759569 0.340670 0.012952 0.009969
0 0.754951 0.350338 0.013394 0.011016
0 0.734747 0.369498 0.010341 0.011505
0 0.532175 0.397284 0.012029 0.009323
0 0.574789 0.281855 0.007454 0.010531
0 0.467153 0.398024 0.010628 0.011004
0 0.473358 0.404129 0.010940 0.010753
0 0.411746 0.657500 0.011126 0.015101
0 0.400284 0.657469 0.010932 0.014758
0 0.418848 0.706709 0.013086 0.010741
0 0.433890 0.739447 0.012956 0.014931
0 0.424340 0.742712 0.011341 0.015142
0 0.403079 0.766093 0.013746 0.011941
0 0.310159 0.775103 0.013005 0.011105
0 0.308558 0.832056 0.014791 0.013101
0 0.290967 0.846693 0.012114 0.011105
0 0.232957 0.746676 0.011357 0.013824
0 0.176305 0.820467 0.012539 0.010676
0 0.597789 0.740217 0.010228 0.011986
0 0.563875 0.715118 0.014795 0.012147
0 0.635134 0.558958 0.014086 0.012341
0 0.745185 0.509581 0.018163 0.012729
0 0.754113 0.518011 0.015078 0.010620
0 0.722056 0.582355 0.014127 0.010765
0 0.723236 0.603262 0.013823 0.012087
0 0.745454 0.581848 0.015997 0.011973
0 0.743258 0.593149 0.014949 0.011711
0 0.749611 0.600142 0.017248 0.013671
0 0.678320 0.399597 0.016354 0.012996
0 0.678356 0.407572 0.013762 0.009517
0 0.659421 0.436314 0.017669 0.011363
0 0.657144 0.444501 0.013066 0.010208
0 0.670521 0.628473 0.016070 0.011788
0 0.643572 0.669079 0.013398 0.012325
0 0.683875 0.665311 0.013414 0.012774
0 0.703585 0.678668 0.015074 0.011969
0 0.689051 0.601160 0.013410 0.013614
0 0.624208 0.658472 0.013216 0.010474
0 0.627775 0.632474 0.010389 0.010907
0 0.620052 0.635719 0.011543 0.013283
0 0.699931 0.627186 0.008567 0.013950
0 0.701781 0.636450 0.012689 0.010470
0 0.777410 0.606353 0.011993 0.012733
0 0.800941 0.589524 0.014969 0.014022
0 0.795493 0.581202 0.011134 0.014026
0 0.832931 0.554182 0.012669 0.011016
0 0.785095 0.475419 0.016520 0.012996
0 0.851066 0.434790 0.012434 0.011460
0 0.868806 0.461629 0.014009 0.013291
0 0.839199 0.525105 0.013608 0.016475
0 0.849857 0.528463 0.010697 0.015004
0 0.822309 0.495939 0.013993 0.013570
0 0.840314 0.499701 0.012851 0.010709
0 0.784071 0.506407 0.014730 0.014576
0 0.493431 0.751128 0.016216 0.013392
0 0.511807 0.770464 0.014033 0.012883
0 0.484863 0.733064 0.012240 0.012042
0 0.469176 0.743090 0.020504 0.014936
0 0.475911 0.790729 0.018005 0.008931
0 0.502767 0.806497 0.009487 0.013157
0 0.481339 0.800290 0.016309 0.012632
0 0.581539 0.782233 0.015487 0.013258
0 0.574886 0.796360 0.012750 0.011343
0 0.537861 0.791390 0.017661 0.016014
0 0.543639 0.799173 0.014349 0.011424
0 0.549686 0.807006 0.014532 0.014434
0 0.505419 0.822530 0.013673 0.008571
0 0.510331 0.831632 0.016726 0.014927
0 0.532705 0.833960 0.016702 0.012099
0 0.589207 0.834629 0.011681 0.010890
0 0.600360 0.839765 0.016074 0.015028
0 0.486116 0.839142 0.014916 0.015061
0 0.461444 0.841458 0.014491 0.012976
0 0.440655 0.802499 0.014382 0.013541
0 0.444139 0.811326 0.011406 0.012955
0 0.421055 0.771789 0.013823 0.012519
0 0.346686 0.764529 0.011811 0.009662
0 0.339123 0.762159 0.009867 0.010992
0 0.339882 0.777402 0.010147 0.012551
0 0.325021 0.848788 0.014483 0.013008
0 0.655352 0.706531 0.011434 0.008438
0 0.650419 0.732367 0.014604 0.015279
0 0.643104 0.747889 0.012179 0.011222
0 0.683883 0.762325 0.014159 0.014895
0 0.705696 0.738782 0.012803 0.015736
0 0.698676 0.713057 0.012827 0.011622
0 0.692264 0.786094 0.013382 0.009989
0 0.698184 0.805426 0.012969 0.012131
0 0.677959 0.809340 0.012653 0.016483
0 0.661934 0.839872 0.012054 0.013384
0 0.702921 0.833855 0.016524 0.012794
0 0.724801 0.832038 0.012888 0.012305
0 0.762871 0.798381 0.012649 0.012709
0 0.756534 0.813563 0.013199 0.017898
0 0.622058 0.835295 0.014762 0.015311
0 0.627496 0.803745 0.009912 0.012010
0 0.653710 0.202803 0.016078 0.013364
0 0.690432 0.169590 0.016819 0.014738
0 0.647848 0.139974 0.011381 0.014148
0 0.654275 0.145633 0.013005 0.011032
0 0.699487 0.085612 0.009851 0.014216
0 0.750390 0.089350 0.017018 0.010806
0 0.739492 0.110135 0.015329 0.007456
0 0.696281 0.142374 0.013681 0.010567
0 0.687557 0.143976 0.009628 0.012099
0 0.538878 0.124555 0.016090 0.012729
0 0.449982 0.655681 0.012199 0.016677
0 0.451909 0.710760 0.012005 0.012087
0 0.774167 0.450999 0.015556 0.010943
0 0.794703 0.373875 0.017750 0.011311
0 0.795987 0.320006 0.014924 0.013335
0 0.829659 0.336958 0.013722 0.013537
0 0.833625 0.301331 0.010219 0.010543
0 0.810739 0.252243 0.015552 0.013869
0 0.824592 0.280588 0.017070 0.009953
0 0.791590 0.242823 0.017961 0.013392
0 0.792677 0.256011 0.013641 0.012895
0 0.784138 0.262161 0.010717 0.014180
0 0.772910 0.257280 0.013859 0.012038
0 0.742027 0.157506 0.019289 0.017328
0 0.679308 0.118363 0.014944 0.014285
0 0.675915 0.098166 0.011114 0.015125
0 0.788674 0.087469 0.014600 0.011335
0 0.838628 0.090460 0.020330 0.014026
0 0.895270 0.106733 0.017345 0.009783
0 0.884757 0.132660 0.015827 0.009872
0 0.858455 0.126669 0.015519 0.013222
0 0.798090 0.118880 0.008547 0.007415
0 0.649759 0.022834 0.009470 0.014463
0 0.640632 0.023605 0.011989 0.015796
0 0.629105 0.027539 0.011649 0.010781
0 0.636482 0.036246 0.011236 0.016419
0 0.484839 0.007664 0.014297 0.013509
0 0.551358 0.059659 0.011187 0.011973
0 0.814826 0.049490 0.010090 0.011412
0 0.818017 0.007829 0.012511 0.011036
0 0.784917 0.036688 0.015078 0.011404
0 0.772797 0.049385 0.012855 0.016665
0 0.912127 0.031158 0.013681 0.011060
0 0.911415 0.043784 0.015876 0.011646
0 0.949922 0.055307 0.015443 0.015206
0 0.985113 0.041137 0.015341 0.013335
0 0.913646 0.097032 0.010304 0.010983
0 0.864541 0.173138 0.011770 0.011577
0 0.897703 0.165495 0.012948 0.013529
0 0.909573 0.216872 0.015730 0.011889
0 0.794483 0.139830 0.012110 0.012268
0 0.777621 0.156293 0.009215 0.014321
0 0.787322 0.156784 0.014706 0.013242
0 0.794132 0.201819 0.010964 0.010240
0 0.795307 0.210061 0.013774 0.011416
0 0.815555 0.203221 0.012446 0.010943
0 0.815017 0.178333 0.011993 0.011905
0 0.863937 0.358864 0.012904 0.011460
0 0.880481 0.318535 0.011762 0.011784
0 0.897894 0.290103 0.011888 0.013602
0 0.916199 0.278867 0.009491 0.011779
0 0.908672 0.365888 0.010389 0.013044
0 0.896116 0.380296 0.010211 0.011513
0 0.894059 0.323536 0.011264 0.011925
0 0.895183 0.332679 0.012637 0.013562
0 0.894924 0.353732 0.012499 0.014685
0 0.906560 0.462716 0.011552 0.009541
0 0.908674 0.471925 0.010669 0.012095
0 0.917369 0.487721 0.010527 0.011618
0 0.912117 0.496602 0.012252 0.009173
0 0.879218 0.549585 0.013746 0.014673
0 0.907500 0.585473 0.011908 0.010179
0 0.906633 0.603815 0.015924 0.008716
0 0.910822 0.624636 0.013564 0.016091
0 0.869837 0.654594 0.012297 0.015812
0 0.901515 0.629827 0.012418 0.013242
0 0.832573 0.584744 0.012746 0.013368
0 0.817644 0.623751 0.014932 0.009618
0 0.815219 0.634397 0.015985 0.012038
0 0.853042 0.636788 0.014353 0.012268
0 0.850390 0.625117 0.015568 0.009343
0 0.789233 0.717375 0.013240 0.012272
0 0.777993 0.737352 0.011118 0.010426
0 0.891185 0.738651 0.012147 0.012968
0 0.876661 0.755191 0.010835 0.013461
0 0.882488 0.784054 0.015718 0.013230
0 0.956625 0.513952 0.016208 0.012135
0 0.939618 0.095676 0.011345 0.012434
0 0.962407 0.103742 0.015414 0.014220
0 0.959724 0.130037 0.011823 0.010511
0 0.979515 0.141918 0.017937 0.014350
0 0.947537 0.167731 0.019491 0.014366
0 0.976843 0.174187 0.017135 0.010393
0 0.988156 0.203106 0.016268 0.010850
0 0.847843 0.338700 0.014353 0.016948
0 0.840721 0.011927 0.014402 0.012232
0 0.908137 0.007908 0.014171 0.013044
0 0.856243 0.298674 0.013831 0.010563
0 0.776927 0.310344 0.014961 0.011719
0 0.780210 0.320222 0.011746 0.011222
0 0.831239 0.264277 0.014272 0.015744
0 0.474324 0.277085 0.014523 0.008337
0 0.511321 0.208541 0.011037 0.013970
0 0.622253 0.133058 0.009604 0.014952
0 0.857532 0.140833 0.014556 0.010903
0 0.964796 0.295398 0.018232 0.012434
0 0.955791 0.280402 0.010499 0.011626
0 0.946792 0.273743 0.012697 0.008805
0 0.944654 0.282613 0.011977 0.011553
0 0.944359 0.339979 0.014341 0.007819
0 0.974045 0.435314 0.017224 0.012499
0 0.962553 0.454311 0.012288 0.011173
0 0.973351 0.469198 0.010118 0.009799
0 0.987463 0.493316 0.015945 0.015582
0 0.962808 0.553856 0.011697 0.013202
0 0.966962 0.564038 0.012701 0.011695
0 0.977027 0.599703 0.013195 0.013950
0 0.970644 0.626576 0.013418 0.011266
0 0.986091 0.572556 0.010527 0.012559
0 0.978776 0.571451 0.010790 0.012305
0 0.992792 0.680293 0.011321 0.011687
0 0.956544 0.691474 0.013195 0.011000
0 0.929845 0.682473 0.012450 0.013751
0 0.791740 0.682720 0.012357 0.010713
0 0.787191 0.690414 0.011552 0.006744
0 0.935994 0.726213 0.011062 0.013517
0 0.975335 0.769383 0.017479 0.012943
0 0.950560 0.785195 0.012102 0.012531
0 0.943010 0.788618 0.009442 0.012531
0 0.937172 0.803095 0.012657 0.015445
0 0.989723 0.728112 0.010155 0.010688
0 0.992427 0.743807 0.010171 0.013711
0 0.982989 0.743777 0.012697 0.012551
0 0.837909 0.841096 0.013734 0.014976
0 0.881532 0.834295 0.013305 0.011218
0 0.900590 0.829246 0.011839 0.012272
0 0.785929 0.774531 0.010082 0.007448
0 0.784437 0.782178 0.012369 0.010660
0 0.780777 0.789909 0.015406 0.012915
0 0.907888 0.706921 0.013066 0.008312
0 0.555272 0.846822 0.013029 0.015954
0 0.544145 0.848863 0.010778 0.011468
0 0.961854 0.361859 0.011798 0.016067
0 0.936789 0.365093 0.012693 0.011101
0 0.973553 0.311013 0.014799 0.012410
0 0.985376 0.316577 0.015681 0.017380
0 0.942389 0.263822 0.012418 0.013073
0 0.865472 0.314385 0.012742 0.015032
0 0.933386 0.870167 0.012989 0.012745
0 0.964518 0.886293 0.013621 0.016556
0 0.954858 0.893625 0.011175 0.017999
0 0.951487 0.978407 0.011851 0.012935
0 0.875475 0.899612 0.015596 0.014964
0 0.862508 0.934974 0.009859 0.015497
0 0.874297 0.948530 0.015694 0.011913
0 0.912640 0.982214 0.012665 0.012313
0 0.789869 0.866957 0.013386 0.015037
0 0.792752 0.925775 0.012220 0.013820
0 0.816756 0.940949 0.014305 0.014515
0 0.820720 0.965421 0.012653 0.013812
0 0.779127 0.953064 0.014268 0.017611
0 0.847892 0.934601 0.009883 0.014354
0 0.875455 0.971149 0.011798 0.012951
0 0.880018 0.988148 0.015038 0.012382
0 0.893142 0.938345 0.012450 0.018342
0 0.855710 0.913630 0.015924 0.015473
0 0.845136 0.916180 0.011604 0.015829
0 0.879902 0.874794 0.016038 0.014386
0 0.715019 0.910997 0.016005 0.015566
0 0.678646 0.894674 0.014746 0.017291
0 0.700485 0.927038 0.013459 0.011626
0 0.750052 0.861709 0.015216 0.013861
0 0.754089 0.989506 0.014333 0.016415
0 0.714104 0.991550 0.017066 0.014410
0 0.663648 0.941086 0.013305 0.014572
0 0.658106 0.972204 0.015807 0.017792
0 0.632666 0.908064 0.015928 0.011097
0 0.622273 0.910484 0.013442 0.014386
0 0.592193 0.904764 0.011515 0.011788
0 0.593143 0.948259 0.011179 0.015202
0 0.580689 0.986441 0.011527 0.012677
0 0.542325 0.919192 0.012054 0.016010
0 0.510167 0.889602 0.018868 0.014762
0 0.520192 0.904012 0.014835 0.016621
0 0.521771 0.867100 0.012649 0.012988
0 0.492364 0.947225 0.011612 0.013844
0 0.540123 0.978936 0.010701 0.012232
0 0.529563 0.984489 0.012782 0.018237
0 0.470202 0.968561 0.015430 0.014127
0 0.448737 0.898341 0.012754 0.015849
0 0.443540 0.885709 0.014961 0.013166
0 0.399593 0.928178 0.012361 0.018100
0 0.425885 0.985810 0.015191 0.015166
0 0.413538 0.990239 0.014094 0.016305
0 0.385750 0.873812 0.013058 0.016511
0 0.438129 0.868252 0.014649 0.012123
0 0.328355 0.876819 0.011442 0.009569
0 0.259639 0.877310 0.010434 0.016855
0 0.132902 0.928485 0.012803 0.012281
0 0.009385 0.876895 0.013203 0.017279
0 0.335481 0.946604 0.010989 0.012434
0 0.317755 0.894571 0.012576 0.013190
0 0.250987 0.875980 0.010612 0.012669
0 0.190903 0.895450 0.013791 0.015586
0 0.168830 0.942404 0.010936 0.011404
0 0.206997 0.971117 0.014033 0.013606
0 0.251604 0.952708 0.014260 0.016018
0 0.174019 0.969194 0.010908 0.013048
0 0.315459 0.977294 0.015750 0.010579
0 0.178882 0.987073 0.014430 0.013036
0 0.351411 0.938662 0.012483 0.012018
0 0.269330 0.960409 0.011620 0.015772
0 0.239214 0.976106 0.013483 0.014354
0 0.226493 0.900727 0.014560 0.012968
0 0.244699 0.917536 0.014167 0.016471
0 0.307074 0.880086 0.012471 0.013097
0 0.418923 0.896029 0.012871 0.015679
0 0.649382 0.955149 0.013884 0.012438
0 0.876910 0.426022 0.012280 0.013505
0 0.947391 0.376606 0.012244 0.009104
0 0.973495 0.381227 0.015175 0.013853
0 0.721645 0.544441 0.014195 0.012361
0 0.726777 0.880534 0.008361 0.009888
0 0.101147 0.990168 0.012390 0.011719
0 0.044365 0.983650 0.011936 0.012988
0 0.033718 0.950637 0.014038 0.014544
0 0.074463 0.918016 0.014078 0.013699
0 0.345174 0.910355 0.011628 0.014257
0 0.206572 0.948930 0.013248 0.012923
0 0.172322 0.893855 0.012025 0.016148
0 0.078864 0.884880 0.011770 0.010644
0 0.008372 0.688361 0.010985 0.012054
0 0.061182 0.576904 0.008976 0.007985
0 0.279584 0.523935 0.011803 0.012592
0 0.126197 0.419962 0.010074 0.010365
0 0.319711 0.007704 0.014220 0.012418
0 0.715422 0.226041 0.014333 0.012196
0 0.210856 0.985410 0.012795 0.013509
0 0.088788 0.983842 0.010458 0.014616
0 0.018788 0.708356 0.011580 0.014107
0 0.983601 0.347477 0.014649 0.011872
0 0.939522 0.189597 0.010531 0.009880
0 0.750250 0.543255 0.009466 0.009222
0 0.136579 0.061766 0.008090 0.011945
0 0.137119 0.042418 0.008507 0.009771
0 0.056133 0.068675 0.010183 0.010414
0 0.140383 0.474301 0.009681 0.015926