0 0.269518 0.193412 0.012156 0.012286
0 0.215790 0.198541 0.010209 0.011013
0 0.233386 0.218747 0.014035 0.011704
0 0.318106 0.187797 0.012152 0.011033
0 0.324065 0.205149 0.013146 0.011841
0 0.372612 0.178412 0.010427 0.009943
0 0.384296 0.195148 0.012003 0.012169
0 0.185300 0.117426 0.009005 0.010351
0 0.195634 0.123972 0.007720 0.008141
0 0.191954 0.149560 0.013425 0.012128
0 0.188568 0.181005 0.015251 0.009458
0 0.312367 0.266519 0.010678 0.009195
0 0.262749 0.238820 0.011918 0.013728
0 0.277415 0.233803 0.011433 0.011490
0 0.227272 0.236025 0.015768 0.012807
0 0.177854 0.204969 0.013078 0.012249
0 0.213081 0.172457 0.012653 0.011445
0 0.248708 0.133640 0.012754 0.010355
0 0.245529 0.165092 0.012908 0.012221
0 0.195865 0.284406 0.006816 0.013280
0 0.233081 0.274449 0.012892 0.015877
0 0.210419 0.217816 0.012080 0.013397
0 0.224438 0.319382 0.015077 0.013550
0 0.249593 0.326315 0.015186 0.016839
0 0.241776 0.369358 0.017635 0.014318
0 0.201177 0.239745 0.010912 0.012395
0 0.153727 0.250559 0.013239 0.008423
0 0.396531 0.249890 0.010488 0.010908
0 0.410534 0.230399 0.015821 0.009708
0 0.357189 0.285852 0.008023 0.011122
0 0.279588 0.283489 0.014568 0.009474
0 0.275801 0.308349 0.010985 0.007353
0 0.176388 0.307626 0.012132 0.011352
0 0.185312 0.384459 0.017093 0.015352
0 0.159242 0.361094 0.014912 0.012124
0 0.208270 0.304251 0.010205 0.010161
0 0.238796 0.113551 0.009260 0.010609
0 0.277516 0.354941 0.016483 0.016043
0 0.205381 0.415965 0.016362 0.009579
0 0.264679 0.428671 0.011163 0.014096
0 0.252320 0.435495 0.012730 0.011882
0 0.277978 0.165906 0.008658 0.011506
0 0.287697 0.171540 0.011902 0.012908
0 0.246587 0.177719 0.010524 0.010908
0 0.205751 0.149245 0.011502 0.012912
0 0.230415 0.198570 0.010241 0.008815
0 0.202412 0.253395 0.014560 0.012197
0 0.222351 0.338001 0.012140 0.011227
0 0.154794 0.409784 0.013643 0.011575
0 0.282893 0.394042 0.008896 0.010003
0 0.284258 0.373167 0.011264 0.013494
0 0.296948 0.337086 0.018091 0.014164
0 0.289175 0.304521 0.009518 0.012641
0 0.294595 0.313312 0.011486 0.009328
0 0.220784 0.160298 0.009724 0.011554
0 0.281970 0.410554 0.009151 0.011894
0 0.314938 0.337906 0.012362 0.010827
0 0.312874 0.289373 0.009688 0.013243
0 0.316427 0.117809 0.014847 0.008339
0 0.331894 0.133666 0.015780 0.010084
0 0.412602 0.213956 0.013453 0.011308
0 0.417664 0.255744 0.013623 0.012225
0 0.431116 0.199365 0.012415 0.010940
0 0.439695 0.193293 0.010464 0.014213
0 0.343219 0.119496 0.012322 0.010282
0 0.360482 0.140270 0.010755 0.010888
0 0.376212 0.152030 0.009425 0.013158
0 0.370053 0.145465 0.017647 0.016269
0 0.388780 0.125211 0.016019 0.015506
0 0.411517 0.131513 0.016366 0.012459
0 0.405978 0.120377 0.013021 0.013183
0 0.375129 0.304315 0.009894 0.012730
0 0.364554 0.303944 0.010932 0.016059
0 0.404544 0.359494 0.013247 0.012956
0 0.379452 0.340203 0.010961 0.011357
0 0.347645 0.337973 0.014120 0.011340
0 0.357272 0.328648 0.013393 0.008238
0 0.270153 0.400181 0.011203 0.010985
0 0.296946 0.371353 0.013570 0.012193
0 0.381340 0.387934 0.011765 0.012831
0 0.429053 0.394386 0.014916 0.015990
0 0.434507 0.411628 0.014019 0.013122
0 0.395836 0.386164 0.015021 0.012330
0 0.388881 0.398181 0.012326 0.011324
0 0.406615 0.413867 0.012678 0.012904
0 0.255500 0.396650 0.011559 0.014354
0 0.245159 0.458553 0.012298 0.011449
0 0.190203 0.471279 0.012750 0.015845
0 0.197133 0.477416 0.012835 0.012718
0 0.283679 0.467088 0.013393 0.016398
0 0.261806 0.468078 0.016326 0.015518
0 0.246498 0.484791 0.011712 0.012407
0 0.258554 0.481685 0.013684 0.010936
0 0.228781 0.523673 0.014762 0.012245
0 0.249227 0.520232 0.013995 0.013170
0 0.271696 0.513653 0.019138 0.011906
0 0.283323 0.533821 0.015065 0.013465
0 0.187540 0.524032 0.014584 0.015639
0 0.221648 0.542105 0.017004 0.013389
0 0.158959 0.567238 0.013409 0.012710
0 0.222303 0.551516 0.012900 0.010023
0 0.269246 0.563257 0.013276 0.009029
0 0.187944 0.262507 0.007854 0.013041
0 0.204569 0.575692 0.012096 0.016802
0 0.340532 0.424639 0.010843 0.012407
0 0.343910 0.435299 0.009244 0.013728
0 0.341534 0.457665 0.014601 0.012104
0 0.329178 0.476635 0.013280 0.015388
0 0.306071 0.487805 0.014019 0.013352
0 0.317179 0.501875 0.013708 0.008436
0 0.331806 0.506446 0.013340 0.014718
0 0.313092 0.515304 0.013187 0.012540
0 0.365639 0.488304 0.016148 0.014892
0 0.395979 0.455944 0.011575 0.013494
0 0.388457 0.474568 0.013732 0.012007
0 0.423470 0.490573 0.011756 0.014629
0 0.439892 0.517994 0.016839 0.014431
0 0.421708 0.518261 0.017736 0.013906
0 0.383599 0.527428 0.017259 0.016055
0 0.418713 0.546341 0.021093 0.019299
0 0.399828 0.550504 0.013267 0.012637
0 0.389891 0.549521 0.012108 0.012480
0 0.358542 0.534221 0.013445 0.014621
0 0.244426 0.574912 0.017990 0.020301
0 0.290478 0.583620 0.012463 0.012750
0 0.268525 0.593599 0.015679 0.015845
0 0.246680 0.589392 0.013603 0.013352
0 0.235974 0.604057 0.015906 0.013958
0 0.171546 0.604849 0.016992 0.017481
0 0.204090 0.624069 0.014378 0.012160
0 0.251607 0.626253 0.014584 0.017053
0 0.292720 0.604445 0.015090 0.012932
0 0.153099 0.643542 0.016459 0.018204
0 0.173883 0.645138 0.013296 0.014059
0 0.187108 0.666193 0.013558 0.016536
0 0.240016 0.659593 0.013502 0.013704
0 0.206462 0.705989 0.014637 0.013397
0 0.228926 0.716659 0.010965 0.012556
0 0.282550 0.713390 0.015263 0.017380
0 0.288412 0.657250 0.011781 0.009332
0 0.260105 0.662837 0.011607 0.014698
0 0.250613 0.732811 0.019473 0.018301
0 0.321150 0.586002 0.012213 0.014669
0 0.320453 0.659040 0.010383 0.012459
0 0.338987 0.659947 0.013587 0.013312
0 0.352234 0.679107 0.015122 0.015271
0 0.337082 0.702005 0.012064 0.012993
0 0.355409 0.691061 0.012997 0.016225
0 0.362782 0.612915 0.012181 0.012912
0 0.378462 0.712867 0.011938 0.011001
0 0.400799 0.714447 0.013789 0.012649
0 0.424504 0.690841 0.015772 0.012932
0 0.422573 0.703866 0.012209 0.012472
0 0.385564 0.604400 0.009708 0.015994
0 0.396313 0.620868 0.011110 0.009934
0 0.427409 0.577352 0.016225 0.013530
0 0.443238 0.599964 0.008864 0.016213
0 0.438175 0.608420 0.014754 0.008965
0 0.419460 0.621251 0.009910 0.012229
0 0.430007 0.626483 0.009147 0.009547
0 0.407599 0.738901 0.011146 0.012496
0 0.448057 0.766999 0.011724 0.014330
0 0.347741 0.746912 0.019186 0.014459
0 0.325675 0.759390 0.009199 0.013510
0 0.364261 0.791987 0.016439 0.016689
0 0.173966 0.771557 0.016855 0.013150
0 0.262428 0.794884 0.012536 0.016568
0 0.288741 0.800122 0.013514 0.010108
0 0.215837 0.802166 0.012694 0.014633
0 0.182422 0.793977 0.011740 0.013615
0 0.175420 0.814025 0.017469 0.013433
0 0.175085 0.834605 0.017986 0.012674
0 0.290963 0.845338 0.009498 0.013284
0 0.254340 0.845707 0.011211 0.011615
0 0.260192 0.858524 0.015958 0.013421
0 0.247755 0.864281 0.014419 0.010528
0 0.250876 0.899462 0.012597 0.016023
0 0.176089 0.899615 0.014879 0.013785
0 0.206456 0.921246 0.019287 0.013768
0 0.268850 0.947253 0.012080 0.014758
0 0.296288 0.903306 0.013215 0.017360
0 0.231336 0.953111 0.010508 0.012706
0 0.191942 0.973724 0.013013 0.019097
0 0.200222 0.937101 0.014221 0.007761
0 0.238895 0.976729 0.013853 0.014952
0 0.294361 0.971728 0.014136 0.016423
0 0.308951 0.807171 0.010383 0.015336
0 0.307788 0.854333 0.013591 0.016455
0 0.335565 0.815490 0.013845 0.014261
0 0.362477 0.850192 0.015619 0.012787
0 0.369210 0.858086 0.015195 0.017659
0 0.319724 0.898474 0.013619 0.016075
0 0.307299 0.946453 0.016823 0.011777
0 0.341655 0.927320 0.014075 0.019291
0 0.440422 0.911283 0.012354 0.015595
0 0.419304 0.902290 0.011175 0.012726
0 0.427021 0.908732 0.015522 0.012787
0 0.363326 0.917583 0.015021 0.012665
0 0.379130 0.938470 0.014488 0.016875
0 0.340423 0.901082 0.016669 0.013801
0 0.338518 0.957216 0.011785 0.013845
0 0.319013 0.960937 0.021457 0.015696
0 0.337288 0.987052 0.012661 0.018798
0 0.419822 0.992710 0.015320 0.008395
0 0.462579 0.240105 0.012302 0.016936
0 0.505210 0.201066 0.016011 0.017558
0 0.490956 0.152873 0.012286 0.015805
0 0.506129 0.154020 0.016524 0.011409
0 0.461173 0.111469 0.013255 0.011898
0 0.481850 0.315781 0.012730 0.013393
0 0.465569 0.370295 0.012358 0.012177
0 0.466165 0.423538 0.013946 0.016855
0 0.563705 0.390368 0.015356 0.013482
0 0.582267 0.342526 0.015287 0.011615
0 0.503925 0.313914 0.017934 0.013126
0 0.520037 0.118989 0.012415 0.013817
0 0.562285 0.156992 0.013453 0.016221
0 0.551367 0.184195 0.013142 0.010116
0 0.494461 0.281960 0.017760 0.014399
0 0.517004 0.282931 0.019570 0.014589
0 0.584806 0.183834 0.017489 0.014144
0 0.578092 0.200234 0.012916 0.013962
0 0.530318 0.443270 0.012657 0.012597
0 0.491807 0.448302 0.017211 0.010233
0 0.485339 0.470645 0.013219 0.014286
0 0.495217 0.482792 0.017316 0.012520
0 0.489013 0.548252 0.014564 0.013134
0 0.509334 0.328448 0.013191 0.010908
0 0.541309 0.316639 0.013825 0.011458
0 0.577146 0.233655 0.012835 0.012407
0 0.565010 0.190597 0.013651 0.013377
0 0.535162 0.284830 0.010484 0.013894
0 0.552110 0.290084 0.012043 0.014124
0 0.563901 0.270373 0.011296 0.011425
0 0.576619 0.291763 0.018277 0.009490
0 0.584134 0.300071 0.015134 0.010334
0 0.568874 0.433780 0.015199 0.014108
0 0.555369 0.470065 0.012726 0.013748
0 0.554387 0.447154 0.010165 0.017505
0 0.588069 0.498754 0.016992 0.015849
0 0.563517 0.481281 0.015603 0.012698
0 0.547771 0.553928 0.011906 0.012181
0 0.559889 0.565556 0.011708 0.013175
0 0.509349 0.583681 0.015142 0.014035
0 0.557439 0.588186 0.017021 0.014318
0 0.582445 0.605800 0.012362 0.008007
0 0.477669 0.613638 0.013255 0.017639
0 0.505917 0.618829 0.012884 0.011958
0 0.476289 0.637557 0.015158 0.013183
0 0.472259 0.647570 0.013005 0.012080
0 0.485125 0.664694 0.015401 0.012665
0 0.545464 0.686494 0.016560 0.012100
0 0.600148 0.619668 0.011918 0.014580
0 0.430231 0.724399 0.012100 0.014520
0 0.471974 0.720442 0.016047 0.013110
0 0.499541 0.708661 0.011559 0.012932
0 0.544557 0.744456 0.011684 0.015469
0 0.366635 0.963371 0.010553 0.009583
0 0.477400 0.691479 0.009664 0.013005
0 0.564311 0.695574 0.010993 0.012637
0 0.565541 0.632234 0.011029 0.009922
0 0.573021 0.642601 0.011195 0.011756
0 0.595052 0.647002 0.012779 0.013926
0 0.578255 0.680553 0.016354 0.011967
0 0.600597 0.681013 0.011102 0.017493
0 0.523319 0.700715 0.016273 0.013053
0 0.529468 0.719699 0.013138 0.013368
0 0.570268 0.746969 0.011587 0.012286
0 0.578049 0.762087 0.012379 0.012819
0 0.502349 0.782572 0.016568 0.015320
0 0.586406 0.789193 0.014750 0.016710
0 0.539600 0.821932 0.016362 0.017748
0 0.577276 0.875286 0.015970 0.016079
0 0.514805 0.827210 0.018111 0.018390
0 0.489288 0.818532 0.012771 0.014471
0 0.469704 0.791973 0.014989 0.016322
0 0.479828 0.794970 0.012484 0.012791
0 0.487932 0.850790 0.012791 0.014976
0 0.517158 0.875074 0.016007 0.017239
0 0.462159 0.859344 0.013611 0.014754
0 0.519063 0.892071 0.016625 0.014354
0 0.550597 0.890901 0.019691 0.014908
0 0.606592 0.903381 0.013421 0.014916
0 0.564022 0.942500 0.020273 0.017372
0 0.530854 0.971938 0.012726 0.016520
0 0.494582 0.971934 0.012266 0.016415
0 0.499527 0.987243 0.013453 0.013987
0 0.584602 0.989035 0.012904 0.015090
0 0.482897 0.966914 0.011284 0.015950
0 0.458735 0.938977 0.016976 0.015797
0 0.637664 0.127659 0.010003 0.015942
0 0.637506 0.147376 0.015029 0.012504
0 0.629501 0.178111 0.011744 0.013833
0 0.624267 0.195127 0.012080 0.013445
0 0.617448 0.242137 0.014100 0.019061
0 0.616591 0.268173 0.013768 0.014815
0 0.615543 0.305259 0.017901 0.013785
0 0.660357 0.289022 0.015554 0.011361
0 0.644966 0.326220 0.014540 0.013247
0 0.634894 0.402110 0.014839 0.015134
0 0.638282 0.419127 0.015700 0.013655
0 0.615355 0.503994 0.015716 0.015049
0 0.630016 0.519455 0.015417 0.014993
0 0.632790 0.557900 0.014920 0.016051
0 0.657567 0.552260 0.013554 0.014912
0 0.652925 0.481115 0.015098 0.017909
0 0.664344 0.447142 0.018891 0.014047
0 0.629253 0.651319 0.012928 0.016613
0 0.615319 0.709383 0.014286 0.018414
0 0.620950 0.693146 0.013049 0.013413
0 0.673046 0.627917 0.015409 0.016326
0 0.616803 0.599958 0.011429 0.011554
0 0.644263 0.589850 0.015914 0.014932
0 0.681743 0.508270 0.011510 0.016540
0 0.668409 0.476681 0.015595 0.009470
0 0.713974 0.450128 0.014427 0.016948
0 0.747870 0.484749 0.016423 0.017170
0 0.727118 0.506511 0.013583 0.018297
0 0.739145 0.522955 0.011037 0.014633
0 0.746510 0.537384 0.016839 0.012762
0 0.683064 0.536770 0.012237 0.014298
0 0.693293 0.538447 0.016738 0.010953
0 0.695562 0.468920 0.019287 0.015287
0 0.742313 0.632814 0.017194 0.015849
0 0.676723 0.601831 0.014431 0.013118
0 0.680504 0.671550 0.012597 0.012447
0 0.701577 0.710663 0.016976 0.013405
0 0.730566 0.705567 0.014556 0.015712
0 0.667455 0.720184 0.013033 0.009797
0 0.717085 0.654402 0.014782 0.013752
0 0.683120 0.363734 0.014475 0.014568
0 0.693756 0.369125 0.011983 0.012964
0 0.710637 0.316298 0.016996 0.012132
0 0.730451 0.566113 0.014294 0.015243
0 0.750080 0.677541 0.009312 0.011979
0 0.687651 0.309937 0.009987 0.017000
0 0.681817 0.341197 0.014189 0.013336
0 0.749464 0.287024 0.021453 0.016617
0 0.754457 0.313793 0.008710 0.011049
0 0.746244 0.307374 0.013760 0.015655
0 0.727136 0.351444 0.014201 0.016451
0 0.755958 0.408194 0.012116 0.015570
0 0.642199 0.214382 0.012956 0.014399
0 0.738139 0.409740 0.011417 0.012310
0 0.713097 0.231175 0.012197 0.016237
0 0.641054 0.191837 0.013300 0.016237
0 0.660833 0.249648 0.024854 0.018463
0 0.703013 0.164615 0.014960 0.012027
0 0.672695 0.187609 0.014261 0.014997
0 0.654699 0.753380 0.012270 0.016471
0 0.677935 0.743628 0.016362 0.014201
0 0.708496 0.575274 0.014904 0.012120
0 0.757323 0.576054 0.014209 0.016338
0 0.675531 0.582823 0.006747 0.009498
0 0.697802 0.632014 0.012714 0.012286
0 0.672447 0.783915 0.014144 0.016988
0 0.659217 0.790543 0.012055 0.015061
0 0.721488 0.202812 0.013659 0.013671
0 0.680373 0.160413 0.015332 0.016285
0 0.731457 0.122942 0.015158 0.014427
0 0.741024 0.172158 0.013146 0.014007
0 0.745312 0.196764 0.013360 0.014075
0 0.761133 0.240937 0.011138 0.015853
0 0.730995 0.668312 0.011324 0.017954
0 0.722674 0.726280 0.011215 0.014791
0 0.725177 0.760665 0.012649 0.016035
0 0.711530 0.801065 0.012059 0.014879
0 0.739901 0.774560 0.016136 0.013227
0 0.699398 0.652422 0.015243 0.013970
0 0.645197 0.832973 0.012116 0.015437
0 0.738164 0.797964 0.013995 0.015118
0 0.725708 0.147724 0.020111 0.016568
0 0.651713 0.849909 0.016908 0.015865
0 0.671376 0.857019 0.013829 0.010888
0 0.641890 0.867509 0.014520 0.011344
0 0.636270 0.878536 0.012484 0.011866
0 0.757392 0.827571 0.011292 0.016689
0 0.720608 0.812551 0.008634 0.013659
0 0.711621 0.782953 0.012564 0.018241
0 0.653176 0.895202 0.012253 0.014362
0 0.631830 0.896525 0.013882 0.011490
0 0.686395 0.919999 0.013922 0.016277
0 0.648461 0.911156 0.013708 0.017376
0 0.629863 0.915838 0.014544 0.017190
0 0.745953 0.911125 0.014617 0.015570
0 0.695939 0.956313 0.019130 0.015570
0 0.641938 0.968880 0.011385 0.015388
0 0.653155 0.950497 0.015380 0.014508
0 0.622879 0.978137 0.014233 0.016338
0 0.712299 0.920429 0.018342 0.015304
0 0.714107 0.931800 0.015825 0.011526
0 0.737101 0.969716 0.016354 0.014524
0 0.754641 0.933251 0.015073 0.016366
0 0.761436 0.440343 0.016011 0.014936
0 0.780843 0.332133 0.016928 0.013267
0 0.777879 0.290854 0.014629 0.015251
0 0.790856 0.296243 0.013069 0.014241
0 0.818148 0.317874 0.018019 0.016245
0 0.801681 0.340370 0.012064 0.011474
0 0.816007 0.388301 0.016225 0.014213
0 0.778855 0.518166 0.017461 0.019978
0 0.807977 0.440399 0.010791 0.017837
0 0.777374 0.245652 0.013207 0.012823
0 0.781988 0.167251 0.015243 0.012500
0 0.801501 0.176293 0.013110 0.014180
0 0.819883 0.186700 0.019170 0.016079
0 0.756691 0.116482 0.017558 0.014564
0 0.764852 0.130321 0.021105 0.012807
0 0.783315 0.114054 0.018818 0.014233
0 0.804800 0.144140 0.014754 0.015898
0 0.850848 0.274156 0.010399 0.013425
0 0.829315 0.372919 0.013970 0.013037
0 0.795172 0.586618 0.014649 0.020249
0 0.798489 0.688922 0.014059 0.011995
0 0.703882 0.107527 0.013966 0.013122
0 0.855377 0.140642 0.013962 0.014120
0 0.810177 0.468407 0.011837 0.014382
0 0.815898 0.486700 0.012492 0.011441
0 0.825729 0.502424 0.018507 0.012354
0 0.844414 0.474598 0.011195 0.018313
0 0.837593 0.436434 0.014439 0.021364
0 0.825780 0.437757 0.013906 0.017069
0 0.786430 0.460963 0.012387 0.013716
0 0.775538 0.448302 0.008605 0.015518
0 0.871531 0.481452 0.013902 0.013591
0 0.847826 0.528785 0.013049 0.010698
0 0.825745 0.544101 0.016512 0.016289
0 0.891121 0.522658 0.014217 0.018532
0 0.907584 0.462090 0.014233 0.014815
0 0.859237 0.547781 0.017013 0.012540
0 0.853129 0.357025 0.017433 0.019356
0 0.865798 0.420725 0.014791 0.013554
0 0.892822 0.439044 0.015962 0.013065
0 0.861393 0.567618 0.015263 0.014253
0 0.843602 0.575526 0.011381 0.013562
0 0.807789 0.634806 0.015683 0.013829
0 0.820772 0.641870 0.017530 0.012960
0 0.879569 0.614874 0.013865 0.016201
0 0.907796 0.668857 0.017025 0.015158
0 0.909388 0.694606 0.019723 0.012585
0 0.849153 0.672838 0.014524 0.018734
0 0.875222 0.301390 0.011773 0.015154
0 0.880179 0.324336 0.010351 0.012282
0 0.891586 0.307147 0.011163 0.012423
0 0.879304 0.241693 0.012253 0.017146
0 0.891016 0.249005 0.018548 0.012718
0 0.841025 0.710964 0.014209 0.019962
0 0.900726 0.357563 0.017130 0.014799
0 0.810799 0.711998 0.016685 0.012948
0 0.782638 0.733275 0.013748 0.015069
0 0.808935 0.734883 0.012165 0.013550
0 0.863542 0.781378 0.015958 0.014055
0 0.907287 0.764452 0.011110 0.011312
0 0.832714 0.786026 0.018257 0.014334
0 0.828394 0.827883 0.014593 0.013110
0 0.835549 0.860271 0.013437 0.011777
0 0.787080 0.816243 0.015005 0.014653
0 0.854872 0.199072 0.014391 0.013263
0 0.889840 0.188080 0.015494 0.014104
0 0.912097 0.211560 0.010961 0.013562
0 0.883328 0.153212 0.016116 0.011401
0 0.897353 0.170701 0.014859 0.013825
0 0.605845 0.173134 0.011538 0.014940
0 0.798615 0.759384 0.015110 0.014257
0 0.867420 0.844782 0.016605 0.011219
0 0.791720 0.907417 0.014718 0.013736
0 0.811850 0.939004 0.012104 0.013223
0 0.852882 0.888952 0.015590 0.016011
0 0.859171 0.620358 0.015651 0.012375
0 0.860696 0.637177 0.021247 0.014621
0 0.882982 0.657024 0.020111 0.014302
0 0.858379 0.694257 0.017687 0.015821
0 0.871046 0.499503 0.013829 0.011611
0 0.904221 0.935331 0.011668 0.013732
0 0.863483 0.947427 0.016633 0.011187
0 0.836195 0.875422 0.018043 0.012059
0 0.886364 0.702476 0.014536 0.014120
0 0.916632 0.289466 0.015926 0.015772
0 0.902710 0.290868 0.018907 0.016039
0 0.906994 0.150936 0.013134 0.012690
0 0.889061 0.127433 0.015494 0.010553
0 0.873056 0.116040 0.014286 0.009850
0 0.872515 0.928776 0.019869 0.013647
0 0.943302 0.278437 0.016504 0.013817
0 0.959842 0.310593 0.022822 0.014766
0 0.950728 0.406477 0.018467 0.018237
0 0.949869 0.627267 0.007902 0.018960
0 0.971918 0.670099 0.017675 0.015833
0 0.960638 0.713655 0.016681 0.019671
0 0.969599 0.747583 0.019905 0.015930
0 0.950176 0.522505 0.025743 0.010452
0 0.954275 0.464797 0.018354 0.017651
0 0.955087 0.352355 0.009773 0.012472
0 0.988795 0.386102 0.015740 0.012779
0 0.944207 0.743832 0.015332 0.018140
0 0.949930 0.925354 0.010989 0.011902
0 0.939337 0.782269 0.012613 0.013033
0 0.975222 0.799136 0.017829 0.012128
0 0.975624 0.820681 0.011668 0.010835
0 0.933497 0.543034 0.015380 0.012516
0 0.976036 0.432572 0.016071 0.011716
0 0.982749 0.449839 0.022297 0.012031
0 0.934679 0.489627 0.019740 0.012205
0 0.981228 0.579853 0.016879 0.016221
0 0.951122 0.576750 0.014124 0.014920
0 0.984529 0.337001 0.018188 0.016411
0 0.969807 0.196541 0.013566 0.018843
0 0.982022 0.625386 0.015453 0.011530
0 0.991883 0.642126 0.013247 0.005911
0 0.932438 0.809238 0.014742 0.016108
0 0.948393 0.166025 0.017578 0.013587
0 0.986132 0.159983 0.019287 0.014633
0 0.991501 0.525182 0.016999 0.019376
0 0.938412 0.331519 0.022075 0.017009
0 0.981535 0.356937 0.021348 0.011857
0 0.918688 0.381672 0.020725 0.012290
0 0.922835 0.414269 0.018378 0.014144
0 0.741796 0.089123 0.016790 0.012415
0 0.945948 0.888836 0.018233 0.016499
0 0.963664 0.906829 0.016859 0.014071
0 0.953998 0.962284 0.020742 0.015910
0 0.982032 0.230346 0.012217 0.015655
0 0.932836 0.229092 0.020055 0.013898
0 0.932796 0.208563 0.020030 0.010920
0 0.971348 0.128596 0.017223 0.012354
0 0.747856 0.037449 0.024442 0.017881
0 0.699016 0.062907 0.020014 0.014896
0 0.683452 0.015952 0.017707 0.015102
0 0.639486 0.072408 0.020305 0.013090
0 0.806923 0.080009 0.015138 0.013094
0 0.939323 0.051214 0.017328 0.019255
0 0.973501 0.008353 0.024487 0.016370
0 0.864661 0.031650 0.021792 0.011987
0 0.879456 0.054688 0.022156 0.015514
0 0.861685 0.078969 0.017360 0.015990
0 0.813070 0.051048 0.020750 0.019069
0 0.904439 0.088608 0.021283 0.011684
0 0.891664 0.106099 0.021194 0.016665
0 0.967221 0.092705 0.029403 0.022050
0 0.949394 0.029791 0.018063 0.012803
0 0.844517 0.017760 0.020346 0.015114
0 0.839918 0.053127 0.016883 0.021327
0 0.780766 0.049341 0.020669 0.017223
0 0.789201 0.087004 0.022067 0.014932
0 0.650863 0.018691 0.025202 0.023408
0 0.588883 0.036080 0.016398 0.013017
0 0.596961 0.009846 0.021420 0.013659
0 0.573731 0.082736 0.026099 0.015380
0 0.854460 0.968722 0.027925 0.027686
0 0.558607 0.031250 0.019041 0.014540
0 0.548761 0.013567 0.024592 0.015720
0 0.652315 0.048056 0.011437 0.008561
0 0.825113 0.095052 0.018996 0.018665
0 0.521859 0.055742 0.014831 0.016217
0 0.563966 0.053074 0.013469 0.010645
0 0.490421 0.018289 0.025557 0.028098
0 0.504703 0.074341 0.018172 0.014435
0 0.470873 0.063368 0.017295 0.018580
0 0.429021 0.086546 0.009066 0.014564
0 0.411319 0.046333 0.015986 0.017130
0 0.358209 0.075945 0.017998 0.014726
0 0.286262 0.071398 0.021364 0.018762
0 0.321390 0.060592 0.015885 0.014952
0 0.351448 0.020507 0.031318 0.014871
0 0.364904 0.046107 0.012560 0.009284
0 0.445549 0.030573 0.016095 0.017962
0 0.383562 0.025147 0.011280 0.011668
0 0.270989 0.029553 0.019962 0.015857
0 0.324944 0.021903 0.015186 0.012839
0 0.333601 0.083645 0.018491 0.013772
0 0.251003 0.077165 0.023202 0.016544
0 0.192101 0.058247 0.015126 0.017437
0 0.193021 0.022406 0.016802 0.012964
0 0.092594 0.011328 0.019162 0.019768
0 0.169176 0.057849 0.011389 0.012795
0 0.140280 0.037407 0.028587 0.023921
0 0.129463 0.015890 0.014023 0.015881
0 0.113115 0.027153 0.013251 0.014128
0 0.091927 0.047982 0.015267 0.018196
0 0.034678 0.006846 0.018487 0.011958
0 0.085249 0.089533 0.019016 0.011045
0 0.107564 0.117599 0.012750 0.013187
0 0.112232 0.063622 0.011720 0.019226
0 0.107614 0.093044 0.017772 0.014084
0 0.106225 0.152216 0.014847 0.011179
0 0.121807 0.166708 0.015841 0.015825
0 0.064812 0.151057 0.012362 0.015170
0 0.097365 0.209439 0.021303 0.026240
0 0.030066 0.122292 0.015057 0.014920
0 0.029302 0.056522 0.014281 0.011692
0 0.021432 0.081595 0.017425 0.012758
0 0.061231 0.218574 0.013053 0.016504
0 0.088006 0.266642 0.015360 0.011591
0 0.083914 0.288440 0.016839 0.013219
0 0.094054 0.397818 0.015061 0.019711
0 0.034280 0.384387 0.009070 0.012977
0 0.015578 0.435974 0.012367 0.018382
0 0.090279 0.526816 0.016520 0.012706
0 0.083130 0.549238 0.021105 0.012754
0 0.030466 0.505436 0.017716 0.011898
0 0.607337 0.134529 0.020406 0.012617
0 0.055435 0.313749 0.009712 0.014354
0 0.104170 0.357256 0.016588 0.019348
0 0.009615 0.401593 0.012779 0.018633
0 0.042099 0.543964 0.013243 0.016443
0 0.123160 0.570482 0.015227 0.016265
0 0.028301 0.610032 0.018620 0.012520
0 0.122554 0.670756 0.017312 0.014334
0 0.080223 0.601253 0.024091 0.013926
0 0.125605 0.758010 0.015227 0.015817
0 0.073521 0.796332 0.017562 0.016815
0 0.105186 0.743858 0.023081 0.017110
0 0.102025 0.858672 0.016289 0.018087
0 0.037306 0.671657 0.011453 0.016483
0 0.029365 0.634810 0.024321 0.022289
0 0.135812 0.606067 0.009817 0.013486
0 0.080938 0.643591 0.017093 0.012322
0 0.085437 0.667203 0.011239 0.012924
0 0.070004 0.661076 0.015958 0.013170
0 0.099268 0.650212 0.014702 0.012249
0 0.127328 0.700812 0.015279 0.011567
0 0.112545 0.693604 0.012653 0.012932
0 0.061186 0.685296 0.014508 0.015627
0 0.061786 0.707336 0.020507 0.012916
0 0.048032 0.278821 0.012997 0.014746
0 0.042485 0.319718 0.014144 0.018827
0 0.012292 0.242117 0.015813 0.015223
0 0.066093 0.243099 0.019029 0.016354
0 0.223589 0.006135 0.016184 0.008145
0 0.016427 0.695881 0.011413 0.013211
0 0.075179 0.757841 0.012419 0.014023
0 0.058399 0.835157 0.019218 0.011433
0 0.104954 0.798853 0.013478 0.014439
0 0.013235 0.596464 0.018378 0.013486
0 0.028606 0.834007 0.025460 0.012738
0 0.021432 0.866897 0.017554 0.015227
0 0.094626 0.898318 0.030264 0.019416
0 0.121427 0.966217 0.017263 0.016285
0 0.092818 0.979614 0.016847 0.014217
0 0.055591 0.984989 0.020956 0.014883
0 0.092392 0.944429 0.021489 0.022863
0 0.118615 0.928130 0.016245 0.017598
0 0.032448 0.980432 0.014027 0.019626
0 0.013058 0.968926 0.015340 0.007733
0 0.009236 0.981747 0.016633 0.013603
0 0.050818 0.811019 0.013235 0.014209
0 0.053969 0.744521 0.023230 0.021861
0 0.068885 0.461899 0.049159 0.036417
0 0.085897 0.452085 0.008904 0.011886
0 0.053666 0.465914 0.019893 0.014059
0 0.076264 0.467464 0.009207 0.009498
0 0.097399 0.832195 0.014544 0.013655
0 0.012821 0.760889 0.010520 0.028418
0 0.779483 0.938795 0.016697 0.018713
0 0.992501 0.778766 0.014999 0.011361
0 0.982993 0.275344 0.013857 0.013239
0 0.197107 0.087014 0.016516 0.012916
0 0.609731 0.060627 0.015667 0.012702
0 0.796084 0.886071 0.016100 0.012084
0 0.764549 0.498974 0.024975 0.017307
0 0.490227 0.107477 0.013187 0.011534
0 0.538992 0.098856 0.018071 0.020115
0 0.642859 0.106837 0.019465 0.018487
1 0.533276 0.494730 0.778412 0.779980
0 0.049066 0.334718 0.016665 0.010892
0 0.099318 0.319875 0.011797 0.011983
0 0.024990 0.561025 0.011296 0.017138
0 0.018279 0.490375 0.012661 0.015558
0 0.947714 0.360902 0.014144 0.010771
0 0.137016 0.252019 0.013865 0.011304
0 0.055411 0.907089 0.009066 0.010351
0 0.044937 0.927546 0.012706 0.010403
0 0.009296 0.230461 0.010678 0.011853
0 0.031660 0.031605 0.015942 0.012811
0 0.020243 0.043204 0.011732 0.013312